files,LocFixing,ChurnFxing,AddedFixing,RemovedFixing
index.php,19,1,0,1
wp-activate.php,231,1,1,0
wp-admin/about.php,187,5,3,2
wp-admin/admin-ajax.php,285,1,1,0
wp-admin/admin-footer.php,98,1,1,0
wp-admin/admin-header.php,354,1,1,0
wp-admin/admin-post.php,168,1,1,0
wp-admin/admin.php,112,1,1,0
wp-admin/async-upload.php,143,3,2,1
wp-admin/bookmarklet.php,155,5,3,2
wp-admin/categories.php,43,2,1,1
wp-admin/comment.php,72,10,4,6
wp-admin/credits.php,194,2,1,1
wp-admin/custom-background.php,223,2,2,0
wp-admin/custom-header.php,256,2,2,0
wp-admin/customize.php,92,2,1,1
wp-admin/edit-comments.php,231,2,1,1
wp-admin/edit-form-advanced.php,173,2,1,1
wp-admin/edit-form-blocks.php,268,2,1,1
wp-admin/edit-form-comment.php,98,2,1,1
wp-admin/edit-form.php,354,4,2,2
wp-admin/edit-link-form.php,168,2,1,1
wp-admin/edit-page-form.php,112,4,2,2
wp-admin/edit-pages.php,1190,7,7,0
wp-admin/edit-tag-form.php,142,2,1,1
wp-admin/edit-tags.php,1193,4,4,0
wp-admin/edit.php,133,4,2,2
wp-admin/erase-personal-data.php,8,10,5,5
wp-admin/export-personal-data.php,218,99,98,1
wp-admin/export.php,137,5,3,2
wp-admin/freedoms.php,252,40,37,3
wp-admin/import-b2.php,296,8,4,4
wp-admin/import-blogger.php,68,8,4,4
wp-admin/import-greymatter.php,316,4,3,1
wp-admin/import-livejournal.php,260,36,21,15
wp-admin/import-mt.php,22,8,6,2
wp-admin/import-rss.php,260,4,2,2
wp-admin/import-textpattern.php,155,2,1,1
wp-admin/import.php,155,2,1,1
wp-admin/includes/admin-filters.php,1196,9,6,3
wp-admin/includes/admin.php,1200,4,3,1
wp-admin/includes/ajax-actions.php,297,5,4,1
wp-admin/includes/bookmark.php,13,2,1,1
/includes/class-automatic-upgrader-skin.php,1200,6,3,3
/includes/class-bulk-plugin-upgrader-skin.php,24,6,3,3
/includes/class-bulk-theme-upgrader-skin.php,297,2,1,1
wp-admin/includes/class-bulk-upgrader-skin.php,1200,2,1,1
wp-admin/includes/class-core-upgrader.php,119,2,1,1
wp-admin/includes/class-custom-background.php,54,10,5,5
wp-admin/includes/class-custom-image-header.php,25,2,1,1
wp-admin/includes/class-file-upload-upgrader.php,532,654,654,0
wp-admin/includes/class-ftp-pure.php,190,7,5,2
wp-admin/includes/class-ftp-sockets.php,5,2,1,1
wp-admin/includes/class-ftp.php,1211,27,20,7
/includes/class-language-pack-upgrader-skin.php,1211,2,1,1
wp-admin/includes/class-language-pack-upgrader.php,539,71,40,31
wp-admin/includes/class-pclzip.php,59,1,0,1
wp-admin/includes/class-plugin-installer-skin.php,315,2,1,1
wp-admin/includes/class-plugin-upgrader-skin.php,1216,5,5,0
wp-admin/includes/class-plugin-upgrader.php,301,1,1,0
wp-admin/includes/class-theme-installer-skin.php,532,71,31,40
wp-admin/includes/class-theme-upgrader-skin.php,1217,2,2,0
wp-admin/includes/class-theme-upgrader.php,543,304,153,151
/includes/class-walker-category-checklist.php,17,1,1,0
/includes/class-walker-nav-menu-checklist.php,231,2,1,1
wp-admin/includes/class-walker-nav-menu-edit.php,268,2,1,1
wp-admin/includes/class-wp-ajax-upgrader-skin.php,354,2,1,1
wp-admin/includes/class-wp-automatic-updater.php,112,2,1,1
wp-admin/includes/class-wp-comments-list-table.php,543,2,1,1
wp-admin/includes/class-wp-community-events.php,143,2,1,1
wp-admin/includes/class-wp-debug-data.php,71,2,1,1
wp-admin/includes/class-wp-filesystem-base.php,12,2,1,1
wp-admin/includes/class-wp-filesystem-direct.php,111,2,1,1
wp-admin/includes/class-wp-filesystem-ftpext.php,20,2,1,1
/includes/class-wp-filesystem-ftpsockets.php,46,2,1,1
wp-admin/includes/class-wp-filesystem-ssh2.php,72,4,2,2
wp-admin/includes/class-wp-importer.php,21,4,2,2
wp-admin/includes/class-wp-internal-pointers.php,62,2,1,1
wp-admin/includes/class-wp-links-list-table.php,1247,127,80,47
wp-admin/includes/class-wp-list-table-compat.php,63,10,8,2
wp-admin/includes/class-wp-list-table.php,265,5,3,2
wp-admin/includes/class-wp-media-list-table.php,303,6,4,2
wp-admin/includes/class-wp-ms-sites-list-table.php,2,1,1,0
/includes/class-wp-ms-themes-list-table.php,1254,32,22,10
wp-admin/includes/class-wp-ms-users-list-table.php,304,1,1,0
/class-wp-plugin-install-list-table.php,143,12,11,1
wp-admin/includes/class-wp-plugins-list-table.php,45,9,5,4
/includes/class-wp-post-comments-list-table.php,104,2,1,1
wp-admin/includes/class-wp-posts-list-table.php,132,2,1,1
-wp-privacy-data-export-requests-list-table.php,133,2,1,1
wp-privacy-data-removal-requests-list-table.php,265,4,2,2
/includes/class-wp-privacy-policy-content.php,133,10,0,10
/includes/class-wp-privacy-requests-table.php,137,4,4,0
wp-admin/includes/class-wp-screen.php,189,12,12,0
/includes/class-wp-site-health-auto-updates.php,108,2,1,1
wp-admin/includes/class-wp-site-health.php,1265,19,16,3
wp-admin/includes/class-wp-site-icon.php,27,4,2,2
wp-admin/includes/class-wp-terms-list-table.php,68,4,2,2
/includes/class-wp-theme-install-list-table.php,57,6,1,5
wp-admin/includes/class-wp-themes-list-table.php,40,2,1,1
wp-admin/includes/class-wp-upgrader-skin.php,40,2,1,1
wp-admin/includes/class-wp-upgrader-skins.php,42,8,2,6
wp-admin/includes/class-wp-upgrader.php,265,2,1,1
wp-admin/includes/class-wp-users-list-table.php,549,9,8,1
wp-admin/includes/comment.php,411,14,7,7
wp-admin/includes/continents-cities.php,160,25,19,6
wp-admin/includes/credits.php,270,6,5,1
wp-admin/includes/dashboard.php,161,8,8,0
wp-admin/includes/deprecated.php,163,2,0,2
wp-admin/includes/edit-tag-messages.php,305,3,2,1
wp-admin/includes/export.php,93,1,1,0
wp-admin/includes/file.php,108,8,4,4
wp-admin/includes/image-edit.php,159,2,1,1
wp-admin/includes/image.php,199,2,1,1
wp-admin/includes/import.php,108,2,1,1
wp-admin/includes/list-table.php,17,48,24,24
wp-admin/includes/media.php,411,902,451,451
wp-admin/includes/menu.php,68,162,81,81
wp-admin/includes/meta-boxes.php,292,92,63,29
wp-admin/includes/misc.php,158,5,3,2
wp-admin/includes/ms-admin-filters.php,143,3,1,2
wp-admin/includes/ms-deprecated.php,118,57,28,29
wp-admin/includes/ms.php,412,1,1,0
wp-admin/includes/nav-menu.php,72,8,4,4
wp-admin/includes/network.php,1265,2,1,1
wp-admin/includes/noop.php,73,5,4,1
wp-admin/includes/options.php,105,3,2,1
wp-admin/includes/plugin-install.php,133,1,1,0
wp-admin/includes/plugin.php,134,3,2,1
wp-admin/includes/post.php,135,8,5,3
wp-admin/includes/privacy-tools.php,120,4,1,3
wp-admin/includes/revision.php,1265,2,1,1
wp-admin/includes/schema.php,2,2,1,1
wp-admin/includes/screen.php,1272,3,1,2
wp-admin/includes/taxonomy.php,67,3,1,2
wp-admin/includes/template.php,307,1,1,0
wp-admin/includes/theme-install.php,4,2,1,1
wp-admin/includes/theme.php,307,2,1,1
wp-admin/includes/translation-install.php,75,10,6,4
wp-admin/includes/update-core.php,1280,20,16,4
wp-admin/includes/update.php,1275,132,63,69
wp-admin/includes/upgrade.php,265,2,1,1
wp-admin/includes/user.php,96,2,1,1
wp-admin/includes/widgets.php,108,2,1,1
wp-admin/index.php,68,2,1,1
wp-admin/install.php,160,2,1,1
wp-admin/link-categories.php,60,2,1,1
wp-admin/link-import.php,94,2,1,1
wp-admin/link-parse-opml.php,21,9,9,0
wp-admin/link.php,141,8,8,0
wp-admin/load-scripts.php,111,4,2,2
wp-admin/load-styles.php,12,2,1,1
wp-admin/maint/repair.php,111,8,4,4
wp-admin/media-new.php,20,2,1,1
wp-admin/media-upload.php,133,5,5,0
wp-admin/media.php,1277,6,4,2
wp-admin/menu-header.php,95,2,1,1
wp-admin/menu.php,31,4,2,2
wp-admin/moderation.php,57,2,1,1
wp-admin/ms-admin.php,6,4,2,2
wp-admin/ms-delete-site.php,73,10,5,5
wp-admin/ms-edit.php,133,4,2,2
wp-admin/ms-options.php,340,175,125,50
wp-admin/ms-sites.php,23,29,21,8
wp-admin/ms-themes.php,345,7,6,1
wp-admin/ms-upgrade-network.php,92,18,10,8
wp-admin/ms-users.php,72,1,1,0
wp-admin/my-sites.php,345,2,1,1
wp-admin/nav-menus.php,432,40,21,19
wp-admin/network.php,435,5,4,1
wp-admin/network/about.php,345,4,2,2
wp-admin/network/admin.php,163,5,4,1
wp-admin/network/credits.php,344,9,4,5
wp-admin/network/edit.php,65,2,2,0
wp-admin/network/freedoms.php,94,2,1,1
wp-admin/network/index.php,433,2,2,0
wp-admin/network/menu.php,95,2,1,1
wp-admin/network/plugin-editor.php,1284,3,2,1
wp-admin/network/plugin-install.php,143,10,5,5
wp-admin/network/plugins.php,23,47,1,46
wp-admin/network/privacy.php,302,6,0,6
wp-admin/network/profile.php,343,3,1,2
wp-admin/network/settings.php,691,2,1,1
wp-admin/network/setup.php,1284,2,1,1
wp-admin/network/site-info.php,166,9,5,4
wp-admin/network/site-new.php,166,9,5,4
wp-admin/network/site-settings.php,95,5,3,2
wp-admin/network/site-themes.php,141,2,1,1
wp-admin/network/site-users.php,302,2,1,1
wp-admin/network/sites.php,53,2,1,1
wp-admin/network/theme-editor.php,1299,26,22,4
wp-admin/network/theme-install.php,4,2,1,1
wp-admin/network/themes.php,1299,2,1,1
wp-admin/network/update-core.php,500,163,71,92
wp-admin/network/update.php,348,15,10,5
wp-admin/network/upgrade.php,690,137,68,69
wp-admin/network/user-edit.php,1301,4,4,0
wp-admin/network/user-new.php,348,2,1,1
wp-admin/network/users.php,699,2,1,1
wp-admin/options-discussion.php,56,2,1,1
wp-admin/options-general.php,331,14,7,7
wp-admin/options-head.php,155,16,9,7
wp-admin/options-media.php,531,20,10,10
wp-admin/options-misc.php,512,10,5,5
wp-admin/options-permalink.php,291,6,3,3
wp-admin/options-privacy.php,518,34,20,14
wp-admin/options-reading.php,348,4,2,2
wp-admin/options-writing.php,188,2,1,1
wp-admin/options.php,133,2,1,1
wp-admin/page-new.php,551,2,1,1
wp-admin/plugin-editor.php,56,4,2,2
wp-admin/plugin-install.php,106,3,1,2
wp-admin/plugins.php,353,11,8,3
wp-admin/post-new.php,122,42,36,6
wp-admin/post.php,544,64,45,19
wp-admin/press-this.php,1300,9,4,5
wp-admin/privacy-policy-guide.php,315,42,2,40
wp-admin/privacy.php,1300,2,1,1
wp-admin/profile.php,164,4,2,2
wp-admin/revision.php,315,14,7,7
wp-admin/setup-config.php,27,2,1,1
wp-admin/sidebar.php,168,4,2,2
wp-admin/site-health-info.php,168,4,2,2
wp-admin/site-health.php,544,2,1,1
wp-admin/templates.php,420,2,1,1
wp-admin/term.php,118,2,1,1
wp-admin/theme-editor.php,38,4,2,2
wp-admin/theme-install.php,199,18,9,9
wp-admin/themes.php,105,4,2,2
wp-admin/tools.php,135,8,4,4
wp-admin/update-core.php,135,4,2,2
wp-admin/update-links.php,34,4,2,2
wp-admin/update.php,291,4,2,2
wp-admin/upgrade-schema.php,315,2,1,1
wp-admin/upgrade.php,75,38,36,2
wp-admin/upload.php,272,4,3,1
wp-admin/user-edit.php,596,92,72,20
wp-admin/user-new.php,64,18,2,16
wp-admin/user/about.php,1310,20,15,5
wp-admin/user/admin.php,627,69,50,19
wp-admin/user/credits.php,14,4,2,2
wp-admin/user/freedoms.php,315,8,4,4
wp-admin/user/index.php,656,53,42,11
wp-admin/user/menu.php,324,11,10,1
wp-admin/user/privacy.php,80,13,10,3
wp-admin/user/profile.php,141,2,1,1
wp-admin/user/user-edit.php,12,3,1,2
wp-admin/users.php,28,15,7,8
wp-admin/widgets.php,326,6,4,2
wp-atom.php,22,28,11,17
wp-blog-header.php,324,6,2,4
wp-comments-post.php,66,4,3,1
wp-commentsrss2.php,656,14,7,7
wp-config-sample.php,147,30,21,9
wp-content/index.php,74,2,1,1
wp-content/plugins/hello.php,328,4,4,0
wp-content/plugins/index.php,97,4,2,2
wp-content/themes/classic/comments-popup.php,343,2,1,1
wp-content/themes/classic/comments.php,1309,2,1,1
wp-content/themes/classic/footer.php,163,2,1,1
wp-content/themes/classic/header.php,75,6,3,3
wp-content/themes/classic/index.php,1314,9,7,2
wp-content/themes/classic/sidebar.php,163,4,1,3
wp-content/themes/default/404.php,1338,18,16,2
wp-content/themes/default/archive.php,68,7,4,3
wp-content/themes/default/archives.php,117,5,3,2
wp-content/themes/default/comments-popup.php,328,4,2,2
wp-content/themes/default/comments.php,25,10,7,3
wp-content/themes/default/footer.php,1343,9,8,1
wp-content/themes/default/header.php,344,15,8,7
wp-content/themes/default/index.php,652,38,17,21
wp-content/themes/default/links.php,1343,4,2,2
wp-content/themes/default/page.php,551,2,1,1
wp-content/themes/default/search.php,653,21,11,10
wp-content/themes/default/searchform.php,59,7,5,2
wp-content/themes/default/sidebar.php,1343,2,1,1
wp-content/themes/default/single.php,659,34,20,14
wp-content/themes/index.php,161,2,1,1
wp-content/themes/twentyeleven/404.php,63,50,25,25
wp-content/themes/twentyeleven/archive.php,161,2,1,1
wp-content/themes/twentyeleven/author.php,141,2,1,1
wp-content/themes/twentyeleven/category.php,42,23,21,2
wp-content/themes/twentyeleven/comments.php,306,6,5,1
wp-content/themes/twentyeleven/content-aside.php,531,4,2,2
/themes/twentyeleven/content-featured.php,70,4,2,2
wp-content/themes/twentyeleven/content-gallery.php,47,4,2,2
wp-content/themes/twentyeleven/content-image.php,310,15,10,5
wp-content/themes/twentyeleven/content-intro.php,4,2,1,1
wp-content/themes/twentyeleven/content-link.php,660,2,2,0
wp-content/themes/twentyeleven/content-page.php,117,2,1,1
wp-content/themes/twentyeleven/content-quote.php,168,2,1,1
wp-content/themes/twentyeleven/content-single.php,168,2,1,1
wp-content/themes/twentyeleven/content-status.php,699,2,1,1
wp-content/themes/twentyeleven/content.php,161,5,2,3
wp-content/themes/twentyeleven/footer.php,660,4,2,2
wp-content/themes/twentyeleven/functions.php,1346,1,1,0
wp-content/themes/twentyeleven/header.php,159,2,0,2
wp-content/themes/twentyeleven/image.php,1346,4,2,2
/themes/twentyeleven/inc/theme-options.php,670,44,27,17
wp-content/themes/twentyeleven/inc/widgets.php,58,7,5,2
wp-content/themes/twentyeleven/index.php,63,8,8,0
wp-content/themes/twentyeleven/page.php,1346,20,9,11
wp-content/themes/twentyeleven/search.php,1349,7,6,1
wp-content/themes/twentyeleven/searchform.php,122,6,4,2
wp-content/themes/twentyeleven/showcase.php,117,4,2,2
wp-content/themes/twentyeleven/sidebar-footer.php,291,2,1,1
wp-content/themes/twentyeleven/sidebar-page.php,1349,2,1,1
wp-content/themes/twentyeleven/sidebar.php,18,7,6,1
wp-content/themes/twentyeleven/single.php,20,8,5,3
wp-content/themes/twentyeleven/tag.php,158,2,0,2
wp-content/themes/twentyfifteen/404.php,134,14,6,8
wp-content/themes/twentyfifteen/archive.php,76,2,1,1
wp-content/themes/twentyfifteen/author-bio.php,168,6,3,3
wp-content/themes/twentyfifteen/comments.php,168,6,3,3
wp-content/themes/twentyfifteen/content-link.php,670,8,4,4
wp-content/themes/twentyfifteen/content-none.php,22,2,1,1
wp-content/themes/twentyfifteen/content-page.php,310,4,2,2
wp-content/themes/twentyfifteen/content-search.php,291,2,1,1
wp-content/themes/twentyfifteen/content.php,80,4,2,2
wp-content/themes/twentyfifteen/footer.php,1347,19,8,11
wp-content/themes/twentyfifteen/functions.php,2,4,2,2
wp-content/themes/twentyfifteen/header.php,76,6,3,3
wp-content/themes/twentyfifteen/image.php,273,2,1,1
/themes/twentyfifteen/inc/back-compat.php,337,33,32,1
/themes/twentyfifteen/inc/custom-header.php,2,2,1,1
wp-content/themes/twentyfifteen/inc/customizer.php,71,3,2,1
/themes/twentyfifteen/inc/template-tags.php,75,18,9,9
wp-content/themes/twentyfifteen/index.php,93,6,3,3
wp-content/themes/twentyfifteen/page.php,144,4,2,2
wp-content/themes/twentyfifteen/search.php,164,6,3,3
wp-content/themes/twentyfifteen/sidebar.php,23,6,3,3
wp-content/themes/twentyfifteen/single.php,273,8,4,4
wp-content/themes/twentyfourteen/404.php,551,32,16,16
wp-content/themes/twentyfourteen/archive.php,344,4,2,2
wp-content/themes/twentyfourteen/author.php,154,12,6,6
wp-content/themes/twentyfourteen/category.php,531,154,77,77
wp-content/themes/twentyfourteen/comments.php,68,4,2,2
wp-content/themes/twentyfourteen/content-aside.php,200,2,1,1
wp-content/themes/twentyfourteen/content-audio.php,163,8,4,4
/twentyfourteen/content-featured-post.php,22,2,1,1
/themes/twentyfourteen/content-gallery.php,105,6,3,3
wp-content/themes/twentyfourteen/content-image.php,143,2,1,1
wp-content/themes/twentyfourteen/content-link.php,147,6,3,3
wp-content/themes/twentyfourteen/content-none.php,135,6,3,3
wp-content/themes/twentyfourteen/content-page.php,337,18,9,9
wp-content/themes/twentyfourteen/content-quote.php,100,8,4,4
wp-content/themes/twentyfourteen/content-video.php,188,2,1,1
wp-content/themes/twentyfourteen/content.php,291,26,13,13
/themes/twentyfourteen/featured-content.php,80,4,2,2
wp-content/themes/twentyfourteen/footer.php,699,176,88,88
wp-content/themes/twentyfourteen/functions.php,111,2,1,1
wp-content/themes/twentyfourteen/header.php,31,4,2,2
wp-content/themes/twentyfourteen/image.php,32,6,3,3
/themes/twentyfourteen/inc/back-compat.php,32,6,3,3
/themes/twentyfourteen/inc/custom-header.php,44,2,1,1
/themes/twentyfourteen/inc/customizer.php,68,20,10,10
/themes/twentyfourteen/inc/featured-content.php,22,2,1,1
/themes/twentyfourteen/inc/template-tags.php,66,34,17,17
wp-content/themes/twentyfourteen/inc/widgets.php,111,2,1,1
wp-content/themes/twentyfourteen/index.php,101,10,5,5
/twentyfourteen/page-templates/contributors.php,57,6,3,3
/twentyfourteen/page-templates/full-width.php,40,12,6,6
wp-content/themes/twentyfourteen/page.php,40,12,6,6
wp-content/themes/twentyfourteen/search.php,15,2,1,1
/themes/twentyfourteen/sidebar-content.php,21,4,2,2
/themes/twentyfourteen/sidebar-footer.php,42,12,6,6
wp-content/themes/twentyfourteen/sidebar.php,73,14,7,7
wp-content/themes/twentyfourteen/single.php,64,38,19,19
wp-content/themes/twentyfourteen/tag.php,1333,60,30,30
/themes/twentyfourteen/taxonomy-postformat.php,170,2,1,1
wp-content/themes/twentynineteen/404.php,63,2,1,1
wp-content/themes/twentynineteen/archive.php,122,4,2,2
/classes/class-twentynineteen-svg-icons.php,134,8,4,4
/class-twentynineteen-walker-comment.php,159,4,2,2
wp-content/themes/twentynineteen/comments.php,1332,4,1,3
wp-content/themes/twentynineteen/footer.php,18,2,2,0
wp-content/themes/twentynineteen/functions.php,62,3,1,2
wp-content/themes/twentynineteen/header.php,1332,2,1,1
wp-content/themes/twentynineteen/image.php,273,2,1,1
/themes/twentynineteen/inc/back-compat.php,1332,6,3,3
/themes/twentynineteen/inc/color-patterns.php,173,26,18,8
/themes/twentynineteen/inc/customizer.php,80,14,14,0
/themes/twentynineteen/inc/icon-functions.php,71,4,2,2
/twentynineteen/inc/template-functions.php,144,2,1,1
/themes/twentynineteen/inc/template-tags.php,173,4,2,2
wp-content/themes/twentynineteen/index.php,76,4,2,2
wp-content/themes/twentynineteen/page.php,168,2,1,1
wp-content/themes/twentynineteen/search.php,168,2,1,1
wp-content/themes/twentynineteen/single.php,670,4,2,2
/template-parts/content/content-excerpt.php,117,2,1,1
/template-parts/content/content-none.php,107,2,1,1
/template-parts/content/content-page.php,47,2,1,1
/template-parts/content/content-single.php,60,2,1,1
/template-parts/content/content.php,95,2,1,1
/template-parts/footer/footer-widgets.php,22,2,1,1
/template-parts/header/entry-header.php,105,2,1,1
/template-parts/header/site-branding.php,147,2,1,1
/template-parts/post/author-bio.php,135,4,2,2
/template-parts/post/discussion-meta.php,291,2,1,1
wp-content/themes/twentyseventeen/404.php,134,4,2,2
wp-content/themes/twentyseventeen/archive.php,47,4,2,2
wp-content/themes/twentyseventeen/comments.php,80,2,1,1
wp-content/themes/twentyseventeen/footer.php,670,4,2,2
wp-content/themes/twentyseventeen/front-page.php,257,312,312,0
wp-content/themes/twentyseventeen/functions.php,112,7,6,1
wp-content/themes/twentyseventeen/header.php,338,2,2,0
/themes/twentyseventeen/inc/back-compat.php,64,5,4,1
/themes/twentyseventeen/inc/color-patterns.php,2,2,1,1
/themes/twentyseventeen/inc/custom-header.php,168,2,1,1
/themes/twentyseventeen/inc/customizer.php,168,2,1,1
/themes/twentyseventeen/inc/icon-functions.php,83,6,3,3
/twentyseventeen/inc/template-functions.php,200,2,1,1
/themes/twentyseventeen/inc/template-tags.php,699,8,4,4
wp-content/themes/twentyseventeen/index.php,552,2,2,0
wp-content/themes/twentyseventeen/page.php,58,76,26,50
wp-content/themes/twentyseventeen/search.php,64,3,2,1
wp-content/themes/twentyseventeen/searchform.php,22,4,3,1
wp-content/themes/twentyseventeen/sidebar.php,148,8,7,1
wp-content/themes/twentyseventeen/single.php,81,5,3,2
/template-parts/footer/site-info.php,190,14,13,1
/template-parts/header/header-image.php,698,9,4,5
/template-parts/navigation/navigation-top.php,82,15,12,3
/page/content-front-page-panels.php,75,2,1,1
/template-parts/page/content-front-page.php,149,14,9,5
/template-parts/page/content-page.php,200,20,15,5
/template-parts/post/content-audio.php,,35,0,35
/template-parts/post/content-excerpt.php,67,22,13,9
/template-parts/post/content-gallery.php,275,32,18,14
/template-parts/post/content-image.php,,69,0,69
/template-parts/post/content-none.php,257,2,1,1
/template-parts/post/content-video.php,14,6,0,6
/template-parts/post/content.php,,27,0,27
wp-content/themes/twentysixteen/404.php,69,1,1,0
wp-content/themes/twentysixteen/archive.php,80,4,1,3
wp-content/themes/twentysixteen/comments.php,75,49,1,48
wp-content/themes/twentysixteen/footer.php,168,20,9,11
wp-content/themes/twentysixteen/functions.php,289,51,51,0
wp-content/themes/twentysixteen/header.php,97,5,1,4
wp-content/themes/twentysixteen/image.php,161,4,1,3
/themes/twentysixteen/inc/back-compat.php,154,30,7,23
wp-content/themes/twentysixteen/inc/customizer.php,275,2,1,1
/themes/twentysixteen/inc/template-tags.php,174,108,67,41
wp-content/themes/twentysixteen/index.php,153,6,5,1
wp-content/themes/twentysixteen/page.php,276,7,4,3
wp-content/themes/twentysixteen/search.php,111,5,2,3
wp-content/themes/twentysixteen/searchform.php,97,187,124,63
/twentysixteen/sidebar-content-bottom.php,162,2,2,0
wp-content/themes/twentysixteen/sidebar.php,83,3,3,0
wp-content/themes/twentysixteen/single.php,75,2,1,1
/twentysixteen/template-parts/biography.php,107,9,2,7
/twentysixteen/template-parts/content-none.php,23,10,5,5
/twentysixteen/template-parts/content-page.php,192,16,9,7
/template-parts/content-search.php,274,87,35,52
/template-parts/content-single.php,22,5,2,3
/twentysixteen/template-parts/content.php,191,5,2,3
wp-content/themes/twentyten/404.php,273,3,1,2
wp-content/themes/twentyten/archive.php,295,11,10,1
wp-content/themes/twentyten/attachment.php,296,3,2,1
wp-content/themes/twentyten/author.php,153,10,5,5
wp-content/themes/twentyten/category.php,148,2,1,1
wp-content/themes/twentyten/comments.php,64,1,1,0
wp-content/themes/twentyten/footer.php,276,4,2,2
wp-content/themes/twentyten/functions.php,507,279,279,0
wp-content/themes/twentyten/header.php,22,2,1,1
wp-content/themes/twentyten/index.php,507,2,1,1
wp-content/themes/twentyten/loop-attachment.php,86,3,3,0
wp-content/themes/twentyten/loop-page.php,86,2,1,1
wp-content/themes/twentyten/loop-single.php,341,6,6,0
wp-content/themes/twentyten/loop.php,2,2,1,1
wp-content/themes/twentyten/onecolumn-page.php,168,2,1,1
wp-content/themes/twentyten/page.php,168,2,1,1
wp-content/themes/twentyten/search.php,256,6,3,3
wp-content/themes/twentyten/sidebar-footer.php,347,2,1,1
wp-content/themes/twentyten/sidebar.php,202,2,1,1
wp-content/themes/twentyten/single.php,161,6,4,2
wp-content/themes/twentyten/tag.php,80,2,1,1
wp-content/themes/twentythirteen/404.php,162,7,4,3
wp-content/themes/twentythirteen/archive.php,163,3,2,1
wp-content/themes/twentythirteen/author-bio.php,92,5,3,2
wp-content/themes/twentythirteen/author.php,192,2,1,1
wp-content/themes/twentythirteen/category.php,202,12,6,6
wp-content/themes/twentythirteen/comments.php,270,10,5,5
wp-content/themes/twentythirteen/content-aside.php,208,12,6,6
wp-content/themes/twentythirteen/content-audio.php,510,2,1,1
wp-content/themes/twentythirteen/content-chat.php,2,4,2,2
/themes/twentythirteen/content-gallery.php,2,3,2,1
wp-content/themes/twentythirteen/content-image.php,2,1,0,1
wp-content/themes/twentythirteen/content-link.php,168,2,1,1
wp-content/themes/twentythirteen/content-none.php,168,2,1,1
wp-content/themes/twentythirteen/content-quote.php,511,1,1,0
/themes/twentythirteen/content-status.php,34,2,1,1
wp-content/themes/twentythirteen/content-video.php,163,12,6,6
wp-content/themes/twentythirteen/content.php,80,2,1,1
wp-content/themes/twentythirteen/footer.php,92,2,1,1
wp-content/themes/twentythirteen/functions.php,97,2,1,1
wp-content/themes/twentythirteen/header.php,76,2,1,1
wp-content/themes/twentythirteen/image.php,5,2,1,1
/themes/twentythirteen/inc/back-compat.php,21,1,1,0
/themes/twentythirteen/inc/custom-header.php,40,26,5,21
wp-content/themes/twentythirteen/index.php,76,2,1,1
wp-content/themes/twentythirteen/page.php,202,8,4,4
wp-content/themes/twentythirteen/search.php,62,16,1,15
wp-content/themes/twentythirteen/sidebar-main.php,91,16,1,15
wp-content/themes/twentythirteen/sidebar.php,659,17,1,16
wp-content/themes/twentythirteen/single.php,78,17,1,16
wp-content/themes/twentythirteen/tag.php,194,16,1,15
/themes/twentythirteen/taxonomy-postformat.php,7,19,1,18
wp-content/themes/twentytwelve/404.php,93,16,1,15
wp-content/themes/twentytwelve/archive.php,135,16,1,15
wp-content/themes/twentytwelve/author.php,123,16,1,15
wp-content/themes/twentytwelve/category.php,201,16,1,15
wp-content/themes/twentytwelve/comments.php,93,4,2,2
wp-content/themes/twentytwelve/content-aside.php,135,2,1,1
wp-content/themes/twentytwelve/content-image.php,123,4,2,2
wp-content/themes/twentytwelve/content-link.php,161,14,2,12
wp-content/themes/twentytwelve/content-none.php,149,18,2,16
wp-content/themes/twentytwelve/content-page.php,347,2,1,1
wp-content/themes/twentytwelve/content-quote.php,101,1,1,0
wp-content/themes/twentytwelve/content-status.php,531,10,5,5
wp-content/themes/twentytwelve/content.php,62,2,1,1
wp-content/themes/twentytwelve/footer.php,72,2,1,1
wp-content/themes/twentytwelve/functions.php,661,6,4,2
wp-content/themes/twentytwelve/header.php,194,8,4,4
wp-content/themes/twentytwelve/image.php,48,10,5,5
/themes/twentytwelve/inc/custom-header.php,62,8,4,4
wp-content/themes/twentytwelve/index.php,91,4,2,2
/twentytwelve/page-templates/front-page.php,149,22,11,11
/twentytwelve/page-templates/full-width.php,552,12,6,6
wp-content/themes/twentytwelve/page.php,257,4,2,2
wp-content/themes/twentytwelve/search.php,661,8,4,4
wp-content/themes/twentytwelve/sidebar-front.php,118,2,1,1
wp-content/themes/twentytwelve/sidebar.php,78,10,5,5
wp-content/themes/twentytwelve/single.php,194,2,1,1
wp-content/themes/twentytwelve/tag.php,93,4,2,2
wp-content/themes/twentytwenty/404.php,24,2,1,1
/classes/class-twentytwenty-customize.php,135,6,3,3
/class-twentytwenty-non-latin-languages.php,123,6,3,3
/classes/class-twentytwenty-script-loader.php,34,4,2,2
/class-twentytwenty-separator-control.php,448,10,5,5
/classes/class-twentytwenty-svg-icons.php,14,2,1,1
/classes/class-twentytwenty-walker-comment.php,69,2,1,1
/classes/class-twentytwenty-walker-page.php,122,2,1,1
wp-content/themes/twentytwenty/comments.php,161,8,4,4
wp-content/themes/twentytwenty/footer.php,56,2,1,1
wp-content/themes/twentytwenty/functions.php,187,19,8,11
wp-content/themes/twentytwenty/header.php,103,9,8,1
wp-content/themes/twentytwenty/inc/custom-css.php,194,8,4,4
/themes/twentytwenty/inc/starter-content.php,93,2,1,1
wp-content/themes/twentytwenty/inc/svg-icons.php,91,6,3,3
/themes/twentytwenty/inc/template-tags.php,118,4,2,2
wp-content/themes/twentytwenty/index.php,78,6,3,3
wp-content/themes/twentytwenty/searchform.php,72,2,1,1
wp-content/themes/twentytwenty/singular.php,34,2,1,1
/twentytwenty/template-parts/content-cover.php,120,6,2,4
/themes/twentytwenty/template-parts/content.php,95,9,6,3
/template-parts/entry-author-bio.php,511,6,3,3
/twentytwenty/template-parts/entry-header.php,102,3,2,1
/twentytwenty/template-parts/featured-image.php,66,2,1,1
/template-parts/footer-menus-widgets.php,21,2,1,1
/twentytwenty/template-parts/modal-menu.php,64,2,1,1
/twentytwenty/template-parts/modal-search.php,347,2,1,1
/twentytwenty/template-parts/navigation.php,145,2,1,1
/twentytwenty/template-parts/pagination.php,17,2,1,1
/twentytwenty/templates/template-cover.php,23,2,2,0
/twentytwenty/templates/template-full-width.php,88,2,2,0
wp-cron.php,103,2,1,1
wp-feed.php,527,30,14,16
wp-includes/ID3/getid3.lib.php,174,14,10,4
wp-includes/ID3/getid3.php,174,14,10,4
wp-includes/ID3/module.audio-video.asf.php,165,7,5,2
wp-includes/ID3/module.audio-video.flv.php,202,2,1,1
wp-includes/ID3/module.audio-video.matroska.php,80,2,1,1
wp-includes/ID3/module.audio-video.quicktime.php,76,2,1,1
wp-includes/ID3/module.audio-video.riff.php,98,2,1,1
wp-includes/ID3/module.audio.ac3.php,103,4,2,2
wp-includes/ID3/module.audio.dts.php,166,6,3,3
wp-includes/ID3/module.audio.flac.php,108,2,1,1
wp-includes/ID3/module.audio.mp3.php,110,4,2,2
wp-includes/ID3/module.audio.ogg.php,76,2,1,1
wp-includes/ID3/module.tag.apetag.php,110,4,2,2
wp-includes/ID3/module.tag.id3v1.php,75,2,1,1
wp-includes/ID3/module.tag.id3v2.php,450,6,3,3
wp-includes/ID3/module.tag.lyrics3.php,278,8,8,0
wp-includes/IXR/class-IXR-base64.php,529,4,3,1
wp-includes/IXR/class-IXR-client.php,155,19,10,9
wp-includes/IXR/class-IXR-clientmulticall.php,155,2,1,1
wp-includes/IXR/class-IXR-date.php,40,2,1,1
wp-includes/IXR/class-IXR-error.php,46,6,2,4
wp-includes/IXR/class-IXR-introspectionserver.php,529,2,1,1
wp-includes/IXR/class-IXR-message.php,80,4,2,2
wp-includes/IXR/class-IXR-request.php,278,2,1,1
wp-includes/IXR/class-IXR-server.php,552,10,5,5
wp-includes/IXR/class-IXR-value.php,153,2,1,1
wp-includes/Requests/Auth.php,259,75,38,37
wp-includes/Requests/Auth/Basic.php,347,14,7,7
wp-includes/Requests/Cookie.php,155,2,1,1
wp-includes/Requests/Cookie/Jar.php,531,6,3,3
wp-includes/Requests/Exception.php,256,8,4,4
wp-includes/Requests/Exception/HTTP.php,34,4,2,2
wp-includes/Requests/Exception/HTTP/304.php,529,8,4,4
wp-includes/Requests/Exception/HTTP/305.php,66,5,1,4
wp-includes/Requests/Exception/HTTP/306.php,6,2,1,1
wp-includes/Requests/Exception/HTTP/400.php,69,2,1,1
wp-includes/Requests/Exception/HTTP/401.php,529,6,3,3
wp-includes/Requests/Exception/HTTP/402.php,448,4,1,3
wp-includes/Requests/Exception/HTTP/403.php,580,63,63,0
wp-includes/Requests/Exception/HTTP/404.php,26,19,11,8
wp-includes/Requests/Exception/HTTP/405.php,448,2,1,1
wp-includes/Requests/Exception/HTTP/406.php,53,3,3,0
wp-includes/Requests/Exception/HTTP/407.php,128,1,1,0
wp-includes/Requests/Exception/HTTP/408.php,110,18,18,0
wp-includes/Requests/Exception/HTTP/409.php,580,2,1,1
wp-includes/Requests/Exception/HTTP/410.php,523,8,4,4
wp-includes/Requests/Exception/HTTP/411.php,70,4,2,2
wp-includes/Requests/Exception/HTTP/412.php,93,4,2,2
wp-includes/Requests/Exception/HTTP/413.php,187,8,8,0
wp-includes/Requests/Exception/HTTP/414.php,187,4,2,2
wp-includes/Requests/Exception/HTTP/415.php,529,10,8,2
wp-includes/Requests/Exception/HTTP/416.php,660,3,1,2
wp-includes/Requests/Exception/HTTP/417.php,147,3,1,2
wp-includes/Requests/Exception/HTTP/418.php,202,18,11,7
wp-includes/Requests/Exception/HTTP/428.php,88,2,1,1
wp-includes/Requests/Exception/HTTP/429.php,144,9,3,6
wp-includes/Requests/Exception/HTTP/431.php,49,5,3,2
wp-includes/Requests/Exception/HTTP/500.php,531,2,1,1
wp-includes/Requests/Exception/HTTP/501.php,66,2,1,1
wp-includes/Requests/Exception/HTTP/502.php,21,2,1,1
wp-includes/Requests/Exception/HTTP/503.php,64,2,1,1
wp-includes/Requests/Exception/HTTP/504.php,132,2,2,0
wp-includes/Requests/Exception/HTTP/505.php,202,2,1,1
wp-includes/Requests/Exception/HTTP/511.php,80,2,1,1
wp-includes/Requests/Exception/HTTP/Unknown.php,127,8,6,2
wp-includes/Requests/Exception/Transport.php,,762,0,762
wp-includes/Requests/Exception/Transport/cURL.php,448,18,9,9
wp-includes/Requests/Hooker.php,80,43,34,9
wp-includes/Requests/Hooks.php,448,2,1,1
wp-includes/Requests/IDNAEncoder.php,532,3,3,0
wp-includes/Requests/IPv6.php,83,2,1,1
wp-includes/Requests/IRI.php,15,4,3,1
wp-includes/Requests/Proxy.php,80,4,2,2
wp-includes/Requests/Proxy/HTTP.php,139,8,6,2
wp-includes/Requests/Response.php,24,6,3,3
wp-includes/Requests/Response/Headers.php,89,4,2,2
wp-includes/Requests/SSL.php,280,4,3,1
wp-includes/Requests/Session.php,119,10,10,0
wp-includes/Requests/Transport.php,346,2,1,1
wp-includes/Requests/Transport/cURL.php,2,2,1,1
wp-includes/Requests/Transport/fsockopen.php,83,2,1,1
/Requests/Utility/CaseInsensitiveDictionary.php,24,2,1,1
wp-includes/Requests/Utility/FilteredIterator.php,89,2,1,1
wp-includes/SimplePie/Author.php,5,161,6,155
wp-includes/SimplePie/Cache.php,107,36,31,5
wp-includes/SimplePie/Cache/Base.php,14,2,1,1
wp-includes/SimplePie/Cache/DB.php,188,5,3,2
wp-includes/SimplePie/Cache/File.php,25,2,1,1
wp-includes/SimplePie/Cache/Memcache.php,552,2,1,1
wp-includes/SimplePie/Cache/MySQL.php,347,6,3,3
wp-includes/SimplePie/Caption.php,4,1,0,1
wp-includes/SimplePie/Category.php,173,35,16,19
wp-includes/SimplePie/Content/Type/Sniffer.php,173,35,16,19
wp-includes/SimplePie/Copyright.php,176,35,19,16
wp-includes/SimplePie/Core.php,176,35,19,16
wp-includes/SimplePie/Credit.php,26,8,5,3
wp-includes/SimplePie/Decode/HTML/Entities.php,147,2,2,0
wp-includes/SimplePie/Enclosure.php,50,2,1,1
wp-includes/SimplePie/Exception.php,176,440,220,220
wp-includes/SimplePie/File.php,155,388,194,194
wp-includes/SimplePie/HTTP/Parser.php,258,626,313,313
wp-includes/SimplePie/IRI.php,33,70,35,35
wp-includes/SimplePie/Item.php,89,192,96,96
wp-includes/SimplePie/Locator.php,8,40,20,20
wp-includes/SimplePie/Misc.php,89,2,1,1
wp-includes/SimplePie/Net/IPv6.php,202,14,7,7
wp-includes/SimplePie/Parse/Date.php,80,2,1,1
wp-includes/SimplePie/Parser.php,280,2,1,1
wp-includes/SimplePie/Rating.php,194,2,1,1
wp-includes/SimplePie/Registry.php,192,10,8,2
wp-includes/SimplePie/Restriction.php,147,2,1,1
wp-includes/SimplePie/Sanitize.php,202,2,1,1
wp-includes/SimplePie/Source.php,192,2,1,1
wp-includes/SimplePie/XML/Declaration/Parser.php,446,11,5,6
wp-includes/SimplePie/gzdecode.php,95,7,2,5
wp-includes/Text/Diff.php,532,2,1,1
wp-includes/Text/Diff/Engine/native.php,82,3,2,1
wp-includes/Text/Diff/Engine/shell.php,193,2,1,1
wp-includes/Text/Diff/Engine/string.php,280,4,2,2
wp-includes/Text/Diff/Engine/xdiff.php,42,4,2,2
wp-includes/Text/Diff/Renderer.php,110,4,2,2
wp-includes/Text/Diff/Renderer/inline.php,110,4,2,2
wp-includes/admin-bar.php,34,4,2,2
wp-includes/assets/dist/a11y.asset.php,53,4,2,2
wp-includes/assets/dist/a11y.min.asset.php,109,6,3,3
wp-includes/assets/dist/annotations.asset.php,47,1,1,0
wp-includes/assets/dist/annotations.min.asset.php,543,14,12,2
wp-includes/assets/dist/api-fetch.asset.php,193,2,1,1
wp-includes/assets/dist/api-fetch.min.asset.php,101,7,5,2
wp-includes/assets/dist/autop.asset.php,2,2,1,1
wp-includes/assets/dist/autop.min.asset.php,93,20,10,10
wp-includes/assets/dist/blob.asset.php,101,8,4,4
wp-includes/assets/dist/blob.min.asset.php,47,4,2,2
wp-includes/assets/dist/block-directory.asset.php,272,6,3,3
/assets/dist/block-directory.min.asset.php,80,4,2,2
wp-includes/assets/dist/block-editor.asset.php,76,12,6,6
wp-includes/assets/dist/block-editor.min.asset.php,60,16,8,8
wp-includes/assets/dist/block-library.asset.php,280,60,30,30
/assets/dist/block-library.min.asset.php,552,2,1,1
/block-serialization-default-parser.asset.php,155,16,8,8
lock-serialization-default-parser.min.asset.php,259,14,7,7
wp-includes/assets/dist/blocks.asset.php,347,6,3,3
wp-includes/assets/dist/blocks.min.asset.php,532,192,96,96
wp-includes/assets/dist/components.asset.php,258,6,3,3
wp-includes/assets/dist/components.min.asset.php,137,10,5,5
wp-includes/assets/dist/compose.asset.php,137,10,5,5
wp-includes/assets/dist/compose.min.asset.php,38,44,22,22
wp-includes/assets/dist/core-data.asset.php,82,2,1,1
wp-includes/assets/dist/core-data.min.asset.php,194,34,17,17
wp-includes/assets/dist/data-controls.asset.php,48,10,5,5
/assets/dist/data-controls.min.asset.php,167,2,1,1
wp-includes/assets/dist/data.asset.php,33,20,10,10
wp-includes/assets/dist/data.min.asset.php,119,12,6,6
wp-includes/assets/dist/date.asset.php,93,46,23,23
wp-includes/assets/dist/date.min.asset.php,147,16,8,8
wp-includes/assets/dist/deprecated.asset.php,174,152,76,76
wp-includes/assets/dist/deprecated.min.asset.php,72,16,8,8
wp-includes/assets/dist/dom-ready.asset.php,139,48,24,24
wp-includes/assets/dist/dom-ready.min.asset.php,127,34,17,17
wp-includes/assets/dist/dom.asset.php,34,6,3,3
wp-includes/assets/dist/dom.min.asset.php,346,2,1,1
wp-includes/assets/dist/edit-post.asset.php,57,2,1,1
wp-includes/assets/dist/edit-post.min.asset.php,202,26,13,13
wp-includes/assets/dist/editor.asset.php,42,14,7,7
wp-includes/assets/dist/editor.min.asset.php,82,12,6,6
wp-includes/assets/dist/element.asset.php,110,4,2,2
wp-includes/assets/dist/element.min.asset.php,76,4,2,2
wp-includes/assets/dist/escape-html.asset.php,31,2,1,1
wp-includes/assets/dist/escape-html.min.asset.php,32,6,3,3
wp-includes/assets/dist/format-library.asset.php,32,6,3,3
/assets/dist/format-library.min.asset.php,40,6,3,3
wp-includes/assets/dist/hooks.asset.php,66,2,1,1
wp-includes/assets/dist/hooks.min.asset.php,22,12,6,6
wp-includes/assets/dist/html-entities.asset.php,110,4,2,2
/assets/dist/html-entities.min.asset.php,101,24,12,12
wp-includes/assets/dist/i18n.asset.php,21,2,1,1
wp-includes/assets/dist/i18n.min.asset.php,40,6,3,3
wp-includes/assets/dist/is-shallow-equal.asset.php,21,4,2,2
/assets/dist/is-shallow-equal.min.asset.php,69,4,2,2
/assets/dist/keyboard-shortcuts.asset.php,64,6,3,3
/assets/dist/keyboard-shortcuts.min.asset.php,7,4,2,2
wp-includes/assets/dist/keycodes.asset.php,543,96,48,48
wp-includes/assets/dist/keycodes.min.asset.php,42,12,6,6
/assets/dist/list-reusable-blocks.asset.php,53,2,1,1
/assets/dist/list-reusable-blocks.min.asset.php,75,4,2,2
wp-includes/assets/dist/media-utils.asset.php,452,8,4,4
wp-includes/assets/dist/media-utils.min.asset.php,171,18,9,9
wp-includes/assets/dist/notices.asset.php,272,10,5,5
wp-includes/assets/dist/notices.min.asset.php,552,2,1,1
wp-includes/assets/dist/nux.asset.php,194,2,1,1
wp-includes/assets/dist/nux.min.asset.php,185,2,1,1
wp-includes/assets/dist/plugins.asset.php,280,4,2,2
wp-includes/assets/dist/plugins.min.asset.php,82,2,1,1
wp-includes/assets/dist/priority-queue.asset.php,4,4,2,2
/assets/dist/priority-queue.min.asset.php,135,5,5,0
wp-includes/assets/dist/redux-routine.asset.php,4,2,1,1
/assets/dist/redux-routine.min.asset.php,280,34,33,1
wp-includes/assets/dist/rich-text.asset.php,451,8,4,4
wp-includes/assets/dist/rich-text.min.asset.php,546,3,3,0
/assets/dist/server-side-render.asset.php,66,2,1,1
/assets/dist/server-side-render.min.asset.php,116,5,1,4
wp-includes/assets/dist/shortcode.asset.php,345,3,1,2
wp-includes/assets/dist/shortcode.min.asset.php,552,9,8,1
wp-includes/assets/dist/token-list.asset.php,555,25,14,11
wp-includes/assets/dist/token-list.min.asset.php,556,7,4,3
wp-includes/assets/dist/url.asset.php,47,2,1,1
wp-includes/assets/dist/url.min.asset.php,454,27,15,12
wp-includes/assets/dist/viewport.asset.php,69,2,1,1
wp-includes/assets/dist/viewport.min.asset.php,49,2,2,0
wp-includes/assets/dist/wordcount.asset.php,556,2,1,1
wp-includes/assets/dist/wordcount.min.asset.php,113,8,8,0
wp-includes/atomlib.php,80,2,1,1
wp-includes/author-template.php,56,2,1,1
wp-includes/blocks.php,552,4,2,2
wp-includes/blocks/archives.php,259,6,3,3
wp-includes/blocks/block.php,347,6,3,3
wp-includes/blocks/calendar.php,157,2,1,1
wp-includes/blocks/categories.php,533,5,3,2
wp-includes/blocks/latest-comments.php,281,3,2,1
wp-includes/blocks/latest-posts.php,272,6,3,3
wp-includes/blocks/rss.php,171,2,1,1
wp-includes/blocks/search.php,83,1,1,0
wp-includes/blocks/shortcode.php,70,1,0,1
wp-includes/blocks/tag-cloud.php,271,3,1,2
wp-includes/bookmark-template.php,21,6,0,6
wp-includes/bookmark.php,101,4,2,2
wp-includes/cache.php,272,9,5,4
wp-includes/canonical.php,80,2,1,1
wp-includes/capabilities.php,76,2,1,1
wp-includes/category-template.php,280,6,3,3
wp-includes/category.php,141,7,6,1
wp-includes/class-IXR.php,141,7,6,1
wp-includes/class-feed.php,182,28,8,20
wp-includes/class-http.php,83,2,1,1
wp-includes/class-json.php,454,2,1,1
wp-includes/class-oembed.php,280,6,3,3
wp-includes/class-phpass.php,101,4,2,2
wp-includes/class-phpmailer.php,553,7,4,3
wp-includes/class-pop3.php,167,2,1,1
wp-includes/class-requests.php,42,2,1,1
wp-includes/class-simplepie.php,195,3,3,0
wp-includes/class-smtp.php,103,16,4,12
wp-includes/class-snoopy.php,199,5,5,0
wp-includes/class-walker-category-dropdown.php,272,4,2,2
wp-includes/class-walker-category.php,182,2,1,1
wp-includes/class-walker-comment.php,69,2,1,1
wp-includes/class-walker-nav-menu.php,116,5,4,1
wp-includes/class-walker-page-dropdown.php,185,2,1,1
wp-includes/class-walker-page.php,118,2,1,1
wp-includes/class-wp-admin-bar.php,258,32,2,30
wp-includes/class-wp-ajax-response.php,192,6,5,1
wp-includes/class-wp-block-parser.php,15,2,1,1
wp-includes/class-wp-block-styles-registry.php,83,2,1,1
wp-includes/class-wp-block-type-registry.php,4,2,1,1
wp-includes/class-wp-block-type.php,200,4,2,2
wp-includes/class-wp-comment-query.php,202,2,1,1
wp-includes/class-wp-comment.php,559,12,6,6
wp-includes/class-wp-customize-control.php,280,4,2,2
wp-includes/class-wp-customize-manager.php,104,2,1,1
wp-includes/class-wp-customize-nav-menus.php,93,4,1,3
wp-includes/class-wp-customize-panel.php,187,4,3,1
wp-includes/class-wp-customize-section.php,4,2,1,1
wp-includes/class-wp-customize-setting.php,61,2,2,0
wp-includes/class-wp-customize-widgets.php,60,2,1,1
wp-includes/class-wp-date-query.php,280,10,5,5
wp-includes/class-wp-dependency.php,560,2,2,0
wp-includes/class-wp-editor.php,272,12,6,6
wp-includes/class-wp-embed.php,55,12,9,3
wp-includes/class-wp-error.php,136,2,2,0
wp-includes/class-wp-fatal-error-handler.php,561,3,2,1
wp-includes/class-wp-feed-cache-transient.php,93,2,1,1
wp-includes/class-wp-feed-cache.php,272,12,6,6
wp-includes/class-wp-hook.php,57,4,2,2
wp-includes/class-wp-http-cookie.php,116,2,1,1
wp-includes/class-wp-http-curl.php,202,2,1,1
wp-includes/class-wp-http-encoding.php,53,2,1,1
wp-includes/class-wp-http-ixr-client.php,272,2,1,1
wp-includes/class-wp-http-proxy.php,155,2,1,1
wp-includes/class-wp-http-requests-hooks.php,347,4,2,2
wp-includes/class-wp-http-requests-response.php,281,4,2,2
wp-includes/class-wp-http-response.php,78,2,1,1
wp-includes/class-wp-http-streams.php,9,4,2,2
wp-includes/class-wp-image-editor-gd.php,21,2,1,1
wp-includes/class-wp-image-editor-imagick.php,53,2,1,1
wp-includes/class-wp-image-editor.php,131,19,15,4
wp-includes/class-wp-list-util.php,139,2,1,1
wp-includes/class-wp-locale-switcher.php,139,2,1,1
wp-includes/class-wp-locale.php,206,2,1,1
wp-includes/class-wp-matchesmapregex.php,108,2,1,1
wp-includes/class-wp-meta-query.php,281,4,3,1
wp-includes/class-wp-metadata-lazyloader.php,108,7,7,0
wp-includes/class-wp-network-query.php,110,2,1,1
wp-includes/class-wp-network.php,100,2,1,1
wp-includes/class-wp-oembed-controller.php,185,4,2,2
wp-includes/class-wp-oembed.php,116,4,2,2
wp-includes/class-wp-paused-extensions-storage.php,151,58,22,36
wp-includes/class-wp-post-type.php,122,32,27,5
wp-includes/class-wp-post.php,139,2,1,1
wp-includes/class-wp-query.php,80,2,1,1
/class-wp-recovery-mode-cookie-service.php,298,192,110,82
/class-wp-recovery-mode-email-service.php,308,17,13,4
wp-includes/class-wp-recovery-mode-key-service.php,310,4,3,1
/class-wp-recovery-mode-link-service.php,62,21,8,13
wp-includes/class-wp-recovery-mode.php,155,68,58,10
wp-includes/class-wp-rewrite.php,309,7,3,4
wp-includes/class-wp-role.php,157,4,2,2
wp-includes/class-wp-roles.php,220,714,371,343
wp-includes/class-wp-session-tokens.php,53,2,1,1
wp-includes/class-wp-simplepie-file.php,12,4,2,2
wp-includes/class-wp-simplepie-sanitize-kses.php,100,2,1,1
wp-includes/class-wp-site-query.php,197,7,6,1
wp-includes/class-wp-site.php,116,4,2,2
wp-includes/class-wp-tax-query.php,104,2,1,1
wp-includes/class-wp-taxonomy.php,131,2,1,1
wp-includes/class-wp-term-query.php,17,1,1,0
wp-includes/class-wp-term.php,331,37,29,8
wp-includes/class-wp-text-diff-renderer-inline.php,119,8,7,1
wp-includes/class-wp-text-diff-renderer-table.php,139,2,1,1
wp-includes/class-wp-theme.php,63,6,3,3
wp-includes/class-wp-user-meta-session-tokens.php,195,2,1,1
wp-includes/class-wp-user-query.php,185,5,3,2
wp-includes/class-wp-user-request.php,185,2,1,1
wp-includes/class-wp-user.php,171,8,4,4
wp-includes/class-wp-walker.php,80,10,5,5
wp-includes/class-wp-widget-factory.php,76,8,4,4
wp-includes/class-wp-widget.php,206,2,1,1
wp-includes/class-wp-xmlrpc-server.php,63,2,1,1
wp-includes/class-wp.php,459,2,1,1
wp-includes/class.wp-dependencies.php,197,4,2,2
wp-includes/class.wp-scripts.php,197,2,1,1
wp-includes/class.wp-styles.php,4,2,1,1
wp-includes/classes.php,331,6,3,3
wp-includes/comment-template.php,185,2,1,1
wp-includes/comment.php,119,4,2,2
wp-includes/compat.php,174,6,3,3
wp-includes/cron.php,58,5,3,2
class-wp-customize-background-image-control.php,378,2,1,1
class-wp-customize-background-image-setting.php,335,2,1,1
ss-wp-customize-background-position-control.php,564,6,5,1
/class-wp-customize-code-editor-control.php,58,2,1,1
/customize/class-wp-customize-color-control.php,55,6,4,2
/class-wp-customize-cropped-image-control.php,53,2,1,1
/class-wp-customize-custom-css-setting.php,58,2,1,1
/class-wp-customize-date-time-control.php,218,23,19,4
/class-wp-customize-filter-setting.php,219,1,1,0
/class-wp-customize-header-image-control.php,63,8,6,2
/class-wp-customize-header-image-setting.php,131,20,10,10
/customize/class-wp-customize-image-control.php,186,6,3,3
/customize/class-wp-customize-media-control.php,45,4,2,2
lass-wp-customize-nav-menu-auto-add-control.php,50,6,3,3
/class-wp-customize-nav-menu-control.php,30,2,1,1
/class-wp-customize-nav-menu-item-control.php,55,4,2,2
/class-wp-customize-nav-menu-item-setting.php,49,2,1,1
lass-wp-customize-nav-menu-location-control.php,55,2,1,1
ass-wp-customize-nav-menu-locations-control.php,566,14,8,6
/class-wp-customize-nav-menu-name-control.php,108,2,1,1
/class-wp-customize-nav-menu-section.php,75,13,9,4
/class-wp-customize-nav-menu-setting.php,156,6,6,0
/class-wp-customize-nav-menus-panel.php,150,6,5,1
/class-wp-customize-new-menu-control.php,378,2,1,1
/class-wp-customize-new-menu-section.php,12,4,2,2
/customize/class-wp-customize-partial.php,380,4,2,2
/class-wp-customize-selective-refresh.php,96,4,2,2
/class-wp-customize-sidebar-section.php,201,6,3,3
/class-wp-customize-site-icon-control.php,50,5,1,4
/customize/class-wp-customize-theme-control.php,93,2,1,1
/customize/class-wp-customize-themes-panel.php,304,5,1,4
/class-wp-customize-themes-section.php,72,4,2,2
/class-wp-customize-upload-control.php,65,5,1,4
/class-wp-widget-area-customize-control.php,113,5,1,4
/class-wp-widget-form-customize-control.php,183,6,1,5
wp-includes/date.php,836,2,1,1
wp-includes/default-constants.php,118,6,6,0
wp-includes/default-filters.php,156,17,12,5
wp-includes/default-widgets.php,66,4,2,2
wp-includes/deprecated.php,65,4,2,2
wp-includes/embed-template.php,62,2,1,1
wp-includes/embed.php,139,3,2,1
wp-includes/error-protection.php,139,3,2,1
wp-includes/feed-atom-comments.php,81,1,1,0
wp-includes/feed-atom.php,76,2,1,1
wp-includes/feed-rdf.php,100,2,1,1
wp-includes/feed-rss.php,222,2,2,0
wp-includes/feed-rss2-comments.php,566,4,2,2
wp-includes/feed-rss2.php,43,6,0,6
wp-includes/feed.php,222,2,1,1
wp-includes/formatting.php,566,4,2,2
wp-includes/functions-compat.php,96,4,2,2
wp-includes/functions.wp-scripts.php,201,4,2,2
wp-includes/functions.wp-styles.php,111,6,3,3
wp-includes/general-template.php,96,2,1,1
wp-includes/gettext.php,201,2,1,1
wp-includes/http.php,121,2,1,1
wp-includes/js/tinymce/wp-tinymce.php,121,2,1,1
wp-includes/l10n.php,4,2,1,1
wp-includes/template-functions-links.php,108,2,1,1
wp-includes/version.php,836,8,4,4
wp-includes/wp-db.php,203,6,5,1
wp-admin/edit-form-ajax-cat.php,131,2,1,1
wp-admin/execute-pings.php,224,3,3,0
wp-admin/import/b2.php,4,2,1,1
wp-admin/import/blogger.php,81,10,5,5
wp-admin/import/greymatter.php,166,22,16,6
wp-admin/import/livejournal.php,172,10,8,2
wp-admin/import/mt.php,75,1,0,1
wp-admin/import/rss.php,46,4,2,2
wp-admin/import/textpattern.php,380,2,1,1
wp-admin/inline-uploading.php,225,9,5,4
wp-admin/link-add.php,75,2,1,1
wp-admin/link-manager.php,4,2,1,1
wp-admin/list-manipulation.php,5,2,1,1
wp-admin/profile-update.php,62,2,1,1
wp-content/plugins/markdown.php,66,2,1,1
wp-content/plugins/textile1.php,40,2,1,1
wp-content/plugins/wp-db-backup.php,40,2,1,1
wp-content/themes/default/attachment.php,42,2,1,1
wp-content/themes/default/images/header-img.php,65,2,1,1
wp-includes/js/tinymce/tinymcegzip.php,182,23,17,6
wp-includes/js/tinymce/wp-mce-help.php,225,2,1,1
wp-includes/template-loader.php,124,10,9,1
wp-includes/vars.php,173,2,2,0
wp-includes/wp-l10n.php,121,4,2,2
wp-links-opml.php,397,28,28,0
wp-login.php,201,2,1,1
wp-mail.php,44,2,1,1
wp-rdf.php,114,63,10,53
wp-register.php,100,9,1,8
wp-rss.php,388,2,1,1
wp-rss2.php,158,4,2,2
wp-settings.php,229,8,6,2
wp-trackback.php,229,4,2,2
wp.php,131,13,11,2
wp-includes/streams.php,306,4,3,1
wp-pass.php,134,3,2,1
wp-admin/index-extra.php,29,2,0,2
wp-includes/js/tinymce/tinymceconfig.php,38,2,0,2
wp-admin/import/blogware.php,135,1,1,0
wp-admin/import/wordpress.php,62,2,1,1
wp-admin/page.php,46,2,1,1
wp-includes/query.php,49,3,1,2
wp-includes/script-loader.php,30,2,1,1
wp-includes/user.php,54,3,1,2
wp-app.php,48,3,1,2
wp-admin/admin-db.php,44,2,1,1
wp-admin/admin-functions.php,184,5,4,1
wp-admin/edit-category-form.php,226,6,1,5
wp-admin/edit-link-categories.php,230,8,6,2
wp-admin/edit-link-category-form.php,225,14,4,10
wp-admin/edit-post-rows.php,132,5,2,3
wp-admin/import/btt.php,100,2,1,1
wp-admin/import/jkw.php,49,4,2,2
wp-admin/import/stp.php,193,23,15,8
wp-admin/import/utw.php,99,11,7,4
wp-admin/import/wp-cat2tag.php,111,11,7,4
/upgrade-schema.phpincludes/schema.php,165,62,9,53
/upload-functions.phpincludes/upload.php,464,9,7,2
wp-admin/link-category.php,568,4,3,1
wp-admin/upgrade-functions.php,132,4,2,2
/spellchecker/classes/TinyGoogleSpell.class.php,152,44,2,42
/spellchecker/classes/TinyPspellShell.class.php,119,4,2,2
/js/tinymce/plugins/spellchecker/tinyspell.php,308,3,3,0
wp-includes/locale.php,74,27,8,19
wp-admin/edit-attachment-rows.php,29,2,1,1
wp-admin/includes/upload.php,49,9,6,3
/themes/default/attachment.phpimage.php,192,1,0,1
wp-includes/js/tinymce/langs/wp-langs.php,138,47,10,37
/spellchecker/classes/HttpClient.class.php,56,2,2,0
/plugins/spellchecker/classes/PSpell.php,50,2,2,0
/plugins/spellchecker/classes/PSpellShell.php,136,8,6,2
/plugins/spellchecker/classes/SpellChecker.php,140,6,4,2
/spellchecker/classes/TinyPspell.class.php,49,2,1,1
/plugins/spellchecker/classes/utils/JSON.php,201,30,22,8
/plugins/spellchecker/classes/utils/Logger.php,61,33,3,30
/js/tinymce/plugins/spellchecker/config.php,43,2,1,1
/plugins/spellchecker/includes/general.php,208,27,3,24
/js/tinymce/plugins/spellchecker/rpc.php,49,8,4,4
wp-includes/registration-functions.php,43,6,3,3
wp-includes/rss-functions.php,464,16,8,8
wp-includes/shortcodes.php,585,26,23,3
wp-admin/gears-manifest.php,45,4,2,2
wp-admin/link-import.phpimport/opml.php,352,45,45,0
wp-admin/js/revisions-js.php,46,9,3,6
wp-content/themes/classic/functions.php,352,2,1,1
wp-content/themes/default/image.php,207,1,0,1
/plugins/spellchecker/classes/EnchantSpell.php,397,2,1,1
wp-includes/wp-diff.php,400,179,94,85
wp-load.php,136,3,3,0
wp-admin/import/dotclear.php,150,33,24,9
wp-includes/default-embeds.php,351,3,1,2
wp-includes/pomo/entry.php,155,9,7,2
wp-includes/pomo/mo.php,,0,0,0
wp-includes/pomo/po.php,,0,0,0
wp-includes/pomo/streams.php,,0,0,0
wp-includes/pomo/translations.php,,0,0,0
wp-includes/post-thumbnail-template.php,,0,0,0
wp-includes/ms-deprecated.php,,0,0,0
wp-includes/class-wp-atom-server.php,49,3,3,0
wp-includes/media-template.php,175,195,105,90
wp-includes/ms-default-filters.php,404,111,59,52
wp-includes/ms-settings.php,406,2,2,0
wp-includes/option.php,121,4,2,2
wp-includes/pluggable-deprecated.php,578,45,25,20
wp-includes/template.php,476,109,102,7
wp-includes/theme-compat/comments-popup.php,178,93,61,32
wp-includes/theme-compat/comments.php,155,8,4,4
wp-includes/post-formats.php,81,2,1,1
/plugins/spellchecker/classes/GoogleSpell.php,76,2,2,0
wp-includes/theme-compat/footer.php,68,8,7,1
wp-includes/theme-compat/header.php,92,4,2,2
wp-includes/theme-compat/sidebar.php,145,4,2,2
xmlrpc.php,116,6,3,3
wp-includes/session.php,158,4,2,2
wp-includes/randomcompat/bytesafestrings.php,187,4,4,0
wp-includes/randomcompat/casttoint.php,506,59,53,6
wp-includes/randomcompat/errorpolyfill.php,192,3,1,2
wp-includes/randomcompat/random.php,63,16,9,7
/randomcompat/randombytescomdotnet.php,143,138,78,60
/randomcompat/randombytesdevurandom.php,143,138,78,60
/randomcompat/randombyteslibsodium.php,88,13,10,3
wp-includes/randomcompat/randombytesmcrypt.php,209,165,162,3
wp-includes/randomcompat/randombytesopenssl.php,580,9,6,3
wp-includes/randomcompat/randomint.php,209,4,2,2
wp-includes/rest-api.php,152,47,27,20
wp-includes/rest-api/class-wp-rest-response.php,152,47,27,20
wp-includes/widgets/class-wp-nav-menu-widget.php,211,4,4,0
wp-includes/widgets/class-wp-widget-calendar.php,591,34,26,8
wp-includes/widgets/class-wp-widget-categories.php,583,235,158,77
wp-includes/widgets/class-wp-widget-meta.php,72,4,4,0
wp-includes/widgets/class-wp-widget-pages.php,220,2,1,1
/widgets/class-wp-widget-recent-comments.php,136,12,12,0
wp-includes/widgets/class-wp-widget-search.php,68,6,6,0
wp-includes/widgets/class-wp-widget-tag-cloud.php,49,6,6,0
wp-includes/widgets/class-wp-widget-text.php,49,6,6,0
wp-includes/registration.php,30,6,6,0
wp-includes/theme-compat/embed-content.php,56,6,6,0
wp-includes/theme-compat/footer-embed.php,50,6,6,0
wp-includes/theme-compat/header-embed.php,25,2,1,1
/twentysixteentwentyseventeen/404.php,121,2,1,1
wp-includes/ms-files.php,211,2,1,1
/class-wp-rest-post-statuses-controller.php,211,2,1,1
/class-wp-rest-post-types-controller.php,592,33,23,10
/class-wp-rest-taxonomies-controller.php,591,2,1,1
/fields/class-wp-rest-comment-meta-fields.php,218,10,8,2
/fields/class-wp-rest-post-meta-fields.php,103,10,8,2
/fields/class-wp-rest-term-meta-fields.php,2,19,16,3
/fields/class-wp-rest-user-meta-fields.php,592,1,1,0
/widgets/class-wp-widget-media-video.php,75,2,1,1
wp-includes/sodiumcompat/autoload.php,188,3,2,1
wp-includes/sodiumcompat/lib/constants.php,72,4,2,2
wp-includes/sodiumcompat/lib/namespaced.php,165,29,1,28
wp-includes/sodiumcompat/lib/php72compat.php,467,7,5,2
wp-includes/sodiumcompat/lib/sodiumcompat.php,76,2,1,1
wp-includes/sodiumcompat/namespaced/Compat.php,76,2,0,2
/sodiumcompat/namespaced/Core/BLAKE2b.php,212,2,2,0
/sodiumcompat/namespaced/Core/ChaCha20.php,46,2,0,2
/sodiumcompat/namespaced/Core/ChaCha20/Ctx.php,108,195,188,7
/namespaced/Core/ChaCha20/IetfCtx.php,165,2,1,1
/sodiumcompat/namespaced/Core/Curve25519.php,843,2,1,1
/namespaced/Core/Curve25519/Fe.php,390,96,0,96
/namespaced/Core/Curve25519/Ge/Cached.php,15,2,1,1
/namespaced/Core/Curve25519/Ge/P1p1.php,4,198,2,196
/namespaced/Core/Curve25519/Ge/P2.php,284,113,97,16
/namespaced/Core/Curve25519/Ge/P3.php,19,3,0,3
/namespaced/Core/Curve25519/Ge/Precomp.php,4,2,1,1
/sodiumcompat/namespaced/Core/Curve25519/H.php,287,13,8,5
/sodiumcompat/namespaced/Core/Ed25519.php,76,2,1,1
/sodiumcompat/namespaced/Core/HChaCha20.php,66,2,1,1
/sodiumcompat/namespaced/Core/HSalsa20.php,65,2,1,1
/sodiumcompat/namespaced/Core/Poly1305.php,100,2,1,1
/namespaced/Core/Poly1305/State.php,38,2,1,1
/sodiumcompat/namespaced/Core/Salsa20.php,591,18,9,9
/sodiumcompat/namespaced/Core/SipHash.php,25,3,1,2
wp-includes/sodiumcompat/namespaced/Core/Util.php,140,6,6,0
/sodiumcompat/namespaced/Core/X25519.php,61,2,1,1
/sodiumcompat/namespaced/Core/XChaCha20.php,77,4,1,3
/sodiumcompat/namespaced/Core/Xsalsa20.php,2,2,1,1
wp-includes/sodiumcompat/namespaced/Crypto.php,2,2,1,1
wp-includes/sodiumcompat/namespaced/File.php,171,5,4,1
wp-includes/sodiumcompat/src/Compat.php,2,2,1,1
wp-includes/sodiumcompat/src/Core/BLAKE2b.php,76,1,1,0
wp-includes/sodiumcompat/src/Core/ChaCha20.php,56,2,1,1
/sodiumcompat/src/Core/ChaCha20/Ctx.php,593,3,2,1
/sodiumcompat/src/Core/ChaCha20/IetfCtx.php,25,2,1,1
wp-includes/sodiumcompat/src/Core/Curve25519.php,26,1,1,0
/sodiumcompat/src/Core/Curve25519/Fe.php,123,1,1,0
/src/Core/Curve25519/Ge/Cached.php,128,3,1,2
/sodiumcompat/src/Core/Curve25519/Ge/P1p1.php,127,2,1,1
/sodiumcompat/src/Core/Curve25519/Ge/P2.php,124,4,0,4
/sodiumcompat/src/Core/Curve25519/Ge/P3.php,16,1,0,1
/src/Core/Curve25519/Ge/Precomp.php,391,3,2,1
/sodiumcompat/src/Core/Curve25519/H.php,138,4,1,3
wp-includes/sodiumcompat/src/Core/Ed25519.php,174,10,7,3
wp-includes/sodiumcompat/src/Core/HChaCha20.php,115,6,3,3
wp-includes/sodiumcompat/src/Core/HSalsa20.php,172,4,2,2
wp-includes/sodiumcompat/src/Core/Poly1305.php,71,27,10,17
/sodiumcompat/src/Core/Poly1305/State.php,71,27,10,17
wp-includes/sodiumcompat/src/Core/Salsa20.php,72,8,6,2
wp-includes/sodiumcompat/src/Core/SipHash.php,4,4,2,2
wp-includes/sodiumcompat/src/Core/Util.php,20,4,4,0
wp-includes/sodiumcompat/src/Core/X25519.php,135,2,1,1
wp-includes/sodiumcompat/src/Core/XChaCha20.php,592,23,12,11
wp-includes/sodiumcompat/src/Core/XSalsa20.php,4,2,1,1
wp-includes/sodiumcompat/src/Core32/BLAKE2b.php,175,4,2,2
wp-includes/sodiumcompat/src/Core32/ChaCha20.php,161,1,0,1
/sodiumcompat/src/Core32/ChaCha20/Ctx.php,55,4,4,0
/sodiumcompat/src/Core32/ChaCha20/IetfCtx.php,591,50,25,25
/sodiumcompat/src/Core32/Curve25519.php,139,2,1,1
/sodiumcompat/src/Core32/Curve25519/Fe.php,196,2,1,1
/src/Core32/Curve25519/Ge/Cached.php,142,2,1,1
/src/Core32/Curve25519/Ge/P1p1.php,199,2,1,1
/sodiumcompat/src/Core32/Curve25519/Ge/P2.php,593,4,2,2
/sodiumcompat/src/Core32/Curve25519/Ge/P3.php,51,7,4,3
/src/Core32/Curve25519/Ge/Precomp.php,149,2,1,1
/sodiumcompat/src/Core32/Curve25519/H.php,409,2,1,1
wp-includes/sodiumcompat/src/Core32/Ed25519.php,152,5,4,1
wp-includes/sodiumcompat/src/Core32/HChaCha20.php,396,4,2,2
wp-includes/sodiumcompat/src/Core32/HSalsa20.php,27,3,2,1
wp-includes/sodiumcompat/src/Core32/Int32.php,124,3,2,1
wp-includes/sodiumcompat/src/Core32/Int64.php,76,2,1,1
wp-includes/sodiumcompat/src/Core32/Poly1305.php,77,2,1,1
/sodiumcompat/src/Core32/Poly1305/State.php,77,2,1,1
wp-includes/sodiumcompat/src/Core32/Salsa20.php,77,2,2,0
wp-includes/sodiumcompat/src/Core32/SipHash.php,410,1,1,0
wp-includes/sodiumcompat/src/Core32/Util.php,149,4,2,2
wp-includes/sodiumcompat/src/Core32/X25519.php,165,2,1,1
wp-includes/sodiumcompat/src/Core32/XChaCha20.php,132,4,2,2
wp-includes/sodiumcompat/src/Core32/XSalsa20.php,142,4,2,2
wp-includes/sodiumcompat/src/Crypto.php,165,4,2,2
wp-includes/sodiumcompat/src/Crypto32.php,199,6,3,3
wp-includes/sodiumcompat/src/File.php,135,2,1,1
wp-includes/sodiumcompat/src/SodiumException.php,155,4,2,2
/widgets/class-wp-widget-custom-html.php,199,4,2,2
/widgets/class-wp-widget-media-audio.php,410,8,4,4
/widgets/class-wp-widget-media-gallery.php,124,50,49,1