files,LocFixing,ChurnFxing,AddedFixing,RemovedFixing
src/Symfony/Bridge/Doctrine/Form/DataTransformer/EntitiesToArrayTransformer.php,187,2,1,1
src/Symfony/Bridge/Doctrine/Validator/Constraints/UniqueEntity.php,434,2,1,1
src/Symfony/Bridge/Monolog/Handler/FirePHPHandler.php,194,6,4,2
src/Symfony/Bundle/DoctrineBundle/Command/GenerateEntitiesDoctrineCommand.php,94,1,1,0
src/Symfony/Bundle/FrameworkBundle/Command/AssetsInstallCommand.php,141,7,7,0
src/Symfony/Bundle/FrameworkBundle/Command/CacheClearCommand.php,147,7,7,0
src/Symfony/Bundle/FrameworkBundle/ContainerAwareEventDispatcher.php,39,1,1,0
src/Symfony/Bundle/FrameworkBundle/Controller/RedirectController.php,112,1,1,0
src/Symfony/Bundle/FrameworkBundle/EventListener/RouterListener.php,51,1,1,0
src/Symfony/Bundle/FrameworkBundle/EventListener/TestSessionListener.php,89,1,1,0
src/Symfony/Bundle/FrameworkBundle/Templating/Helper/CodeHelper.php,368,3,3,0
src/Symfony/Bundle/FrameworkBundle/Templating/PhpEngine.php,141,4,4,0
src/Symfony/Bundle/FrameworkBundle/Tests/ContainerAwareEventDispatcherTest.php,739,24,22,2
src/Symfony/Bundle/FrameworkBundle/Tests/EventListener/RouterListenerTest.php,190,8,8,0
src/Symfony/Bundle/SecurityBundle/Tests/Functional/app/AppKernel.php,154,7,7,0
src/Symfony/Bundle/WebProfilerBundle/Controller/ProfilerController.php,363,9,9,0
src/Symfony/Component/ClassLoader/DebugUniversalClassLoader.php,189,7,7,0
src/Symfony/Component/Console/Helper/FormatterHelper.php,75,2,2,0
src/Symfony/Component/DependencyInjection/Exception/ExceptionInterface.php,157,10,5,5
src/Symfony/Component/DependencyInjection/Exception/InvalidArgumentException.php,35,12,7,5
src/Symfony/Component/DomCrawler/Field/FormField.php,182,4,2,2
src/Symfony/Component/EventDispatcher/Event.php,251,8,6,2
src/Symfony/Component/EventDispatcher/EventDispatcher.php,181,31,15,16
src/Symfony/Component/EventDispatcher/EventSubscriberInterface.php,613,1,1,0
src/Symfony/Component/Form/CallbackTransformer.php,106,2,1,1
src/Symfony/Component/Form/DataTransformerInterface.php,182,12,12,0
src/Symfony/Component/Form/Extension/Validator/ValidatorExtension.php,176,40,39,1
src/Symfony/Component/HttpFoundation/FileBag.php,408,7,5,2
src/Symfony/Component/HttpFoundation/RedirectResponse.php,373,2,1,1
src/Symfony/Component/HttpFoundation/ServerBag.php,95,2,1,1
src/Symfony/Component/HttpKernel/Controller/ControllerResolver.php,152,10,10,0
src/Symfony/Component/HttpKernel/Profiler/PdoProfilerStorage.php,198,18,14,4
src/Symfony/Component/HttpKernel/Profiler/SqliteProfilerStorage.php,139,3,2,1
src/Symfony/Component/Routing/Loader/AnnotationDirectoryLoader.php,71,3,3,0
src/Symfony/Component/Security/Core/User/ChainUserProvider.php,256,6,3,3
src/Symfony/Component/Security/Http/EntryPoint/DigestAuthenticationEntryPoint.php,191,3,2,1
src/Symfony/Component/Security/Http/HttpUtils.php,181,11,5,6
src/Symfony/Component/Serializer/Encoder/NormalizationAwareInterface.php,176,2,1,1
src/Symfony/Component/Translation/Interval.php,434,4,2,2
src/Symfony/Component/Translation/Loader/XliffFileLoader.php,141,2,1,1
src/Symfony/Component/Translation/Loader/YamlFileLoader.php,267,2,1,1
src/Symfony/Component/Translation/MessageCatalogue.php,86,2,1,1
src/Symfony/Component/Translation/MessageCatalogueInterface.php,51,2,1,1
src/Symfony/Component/Translation/MessageSelector.php,60,6,3,3
src/Symfony/Component/Translation/Translator.php,368,2,1,1
src/Symfony/Component/Validator/Constraints/AllValidator.php,739,10,5,5
src/Symfony/Component/Validator/Constraints/BlankValidator.php,191,6,3,3
src/Symfony/Component/Validator/Constraints/CallbackValidator.php,189,4,2,2
src/Symfony/Component/Validator/Constraints/CountryValidator.php,155,4,2,2
src/Symfony/Component/Validator/Constraints/DateValidator.php,154,4,2,2
src/Symfony/Component/Validator/Constraints/FalseValidator.php,129,4,2,2
src/Symfony/Component/Validator/Constraints/LanguageValidator.php,181,20,10,10
src/Symfony/Component/Validator/Constraints/LocaleValidator.php,92,2,1,1
src/Symfony/Component/Validator/Constraints/MaxLengthValidator.php,131,4,2,2
src/Symfony/Component/Validator/Constraints/MinLengthValidator.php,408,2,1,1
src/Symfony/Component/Validator/Constraints/MinValidator.php,551,4,2,2
src/Symfony/Component/Validator/Constraints/NotBlankValidator.php,105,4,2,2
src/Symfony/Component/Validator/Constraints/NotNullValidator.php,97,6,3,3
src/Symfony/Component/Validator/Constraints/NullValidator.php,118,6,3,3
src/Symfony/Component/Validator/Constraints/RegexValidator.php,163,2,1,1
src/Symfony/Component/Validator/Constraints/TimeValidator.php,81,2,1,1
src/Symfony/Component/Validator/Constraints/TrueValidator.php,52,2,1,1
src/Symfony/Component/Validator/Constraints/TypeValidator.php,82,4,2,2
src/Symfony/Component/Validator/Constraints/UrlValidator.php,139,2,1,1
tests/Symfony/Tests/Bridge/Doctrine/Validator/Constraints/UniqueValidatorTest.php,135,10,5,5
tests/Symfony/Tests/Component/DependencyInjection/Fixtures/containers/interfaces1.php,71,4,2,2
tests/Symfony/Tests/Component/DependencyInjection/Fixtures/containers/interfaces2.php,256,2,1,1
tests/Symfony/Tests/Component/DomCrawler/Field/ChoiceFormFieldTest.php,356,14,7,7
tests/Symfony/Tests/Component/Form/Extension/Core/Type/NumberTypeTest.php,200,2,1,1
tests/Symfony/Tests/Component/Form/Extension/Validator/Type/TypeTestCase.php,838,6,3,3
tests/Symfony/Tests/Component/HttpFoundation/FileBagTest.php,50,18,10,8
tests/Symfony/Tests/Component/HttpKernel/ClientTest.php,267,8,4,4
tests/Symfony/Tests/Component/HttpKernel/Controller/ControllerResolverTest.php,86,6,4,2
tests/Symfony/Tests/Component/HttpKernel/TestHttpKernel.php,404,34,17,17
tests/Symfony/Tests/Component/Routing/Fixtures/AnnotatedClasses/AbstractClass.php,740,4,3,1
tests/Symfony/Tests/Component/Routing/Fixtures/AnnotatedClasses/FooClass.php,613,2,1,1
tests/Symfony/Tests/Component/Routing/Fixtures/dumper/urlmatcher1.php,600,1,1,0
tests/Symfony/Tests/Component/Routing/Fixtures/dumper/urlmatcher2.php,458,5,3,2
tests/Symfony/Tests/Component/Routing/Loader/AbstractAnnotationLoaderTest.php,282,4,2,2
tests/Symfony/Tests/Component/Routing/Loader/AnnotationClassLoaderTest.php,270,9,7,2
tests/Symfony/Tests/Component/Routing/Loader/AnnotationDirectoryLoaderTest.php,51,6,5,1
tests/Symfony/Tests/Component/Routing/Loader/AnnotationFileLoaderTest.php,182,2,1,1
tests/Symfony/Tests/Component/Routing/RouteCompilerTest.php,277,2,1,1
tests/Symfony/Tests/Component/Security/Core/Authentication/Token/AbstractTokenTest.php,404,2,1,1
tests/Symfony/Tests/Component/Security/Core/User/ChainUserProviderTest.php,372,1,1,0
tests/Symfony/Tests/Component/Translation/MessageSelectorTest.php,437,2,1,1
tests/Symfony/Tests/Component/Translation/TranslatorTest.php,125,2,1,1
tests/Symfony/Tests/Component/Validator/Constraints/NotBlankValidatorTest.php,270,4,2,2
tests/Symfony/Tests/Component/Validator/Constraints/UrlValidatorTest.php,277,1,0,1
vendors.php,180,6,2,4
src/Symfony/Bridge/Doctrine/CacheWarmer/ProxyCacheWarmer.php,404,26,25,1
src/Symfony/Bridge/Doctrine/Form/DataTransformer/EntityToIdTransformer.php,247,2,1,1
src/Symfony/Bridge/Doctrine/Form/Type/EntityType.php,37,2,1,1
src/Symfony/Bridge/Doctrine/RegistryInterface.php,202,4,2,2
src/Symfony/Bridge/Monolog/Processor/WebProcessor.php,206,11,11,0
src/Symfony/Bundle/DoctrineBundle/Command/Proxy/ConvertMappingDoctrineCommand.php,260,18,18,0
src/Symfony/Bundle/DoctrineBundle/Command/Proxy/CreateSchemaDoctrineCommand.php,194,2,1,1
src/Symfony/Bundle/DoctrineBundle/Command/Proxy/DropSchemaDoctrineCommand.php,194,2,1,1
src/Symfony/Bundle/DoctrineBundle/Command/Proxy/EnsureProductionSettingsDoctrineCommand.php,285,41,37,4
src/Symfony/Bundle/DoctrineBundle/Command/Proxy/RunDqlDoctrineCommand.php,183,4,4,0
src/Symfony/Bundle/DoctrineBundle/Command/Proxy/RunSqlDoctrineCommand.php,285,2,1,1
src/Symfony/Bundle/DoctrineBundle/Command/Proxy/UpdateSchemaDoctrineCommand.php,154,2,1,1
src/Symfony/Bundle/DoctrineBundle/DependencyInjection/Compiler/RegisterEventListenersAndSubscribersPass.php,69,1,1,0
src/Symfony/Bundle/DoctrineBundle/DoctrineBundle.php,308,2,1,1
src/Symfony/Bundle/DoctrineBundle/Mapping/MetadataFactory.php,296,10,8,2
src/Symfony/Bundle/DoctrineBundle/Tests/TestCase.php,298,11,8,3
src/Symfony/Bundle/FrameworkBundle/Command/ContainerAwareCommand.php,157,19,13,6
src/Symfony/Bundle/FrameworkBundle/Command/RouterDebugCommand.php,177,10,8,2
src/Symfony/Bundle/FrameworkBundle/Controller/ControllerNameParser.php,111,8,4,4
src/Symfony/Bundle/FrameworkBundle/DependencyInjection/Compiler/RegisterKernelListenersPass.php,113,10,6,4
src/Symfony/Bundle/FrameworkBundle/DependencyInjection/Compiler/TemplatingPass.php,119,47,44,3
src/Symfony/Bundle/FrameworkBundle/HttpCache/HttpCache.php,225,4,2,2
src/Symfony/Bundle/FrameworkBundle/Resources/views/Form/choicewidget.html.php,78,66,42,24
src/Symfony/Bundle/FrameworkBundle/Routing/Router.php,114,4,4,0
src/Symfony/Bundle/FrameworkBundle/Test/WebTestCase.php,198,5,4,1
src/Symfony/Bundle/FrameworkBundle/Tests/Controller/RedirectControllerTest.php,195,6,6,0
src/Symfony/Bundle/FrameworkBundle/Tests/DependencyInjection/Fixtures/php/templatingurlpackage.php,89,53,38,15
src/Symfony/Bundle/FrameworkBundle/Tests/HttpKernelTest.php,196,5,3,2
src/Symfony/Bundle/FrameworkBundle/Tests/Translation/TranslatorTest.php,182,4,2,2
src/Symfony/Bundle/FrameworkBundle/Translation/Translator.php,183,31,20,11
src/Symfony/Bundle/FrameworkBundle/Validator/ConstraintValidatorFactory.php,681,17,13,4
src/Symfony/Bundle/SecurityBundle/Command/InitAclCommand.php,706,7,4,3
src/Symfony/Bundle/SecurityBundle/DependencyInjection/FactoryConfiguration.php,194,17,16,1
src/Symfony/Bundle/SecurityBundle/Tests/Functional/SecurityRoutingIntegrationTest.php,693,29,22,7
src/Symfony/Bundle/SwiftmailerBundle/DependencyInjection/Configuration.php,722,27,23,4
src/Symfony/Bundle/TwigBundle/DependencyInjection/Compiler/ExceptionListenerPass.php,738,21,21,0
src/Symfony/Bundle/TwigBundle/TwigEngine.php,78,1,1,0
src/Symfony/Bundle/WebProfilerBundle/Controller/ExceptionController.php,136,2,1,1
src/Symfony/Bundle/WebProfilerBundle/Tests/Controller/ExceptionControllerTest.php,176,2,1,1
src/Symfony/Bundle/WebProfilerBundle/Tests/DependencyInjection/WebProfilerExtensionTest.php,434,4,2,2
src/Symfony/Component/Config/Definition/ArrayNode.php,141,2,1,1
src/Symfony/Component/Config/Definition/BaseNode.php,267,2,1,1
src/Symfony/Component/Config/Definition/Builder/VariableNodeDefinition.php,86,2,1,1
src/Symfony/Component/Config/Definition/VariableNode.php,51,2,1,1
src/Symfony/Component/Console/Shell.php,60,6,3,3
src/Symfony/Component/DependencyInjection/Compiler/LoggingFormatter.php,368,2,1,1
src/Symfony/Component/DependencyInjection/DefinitionDecorator.php,739,10,5,5
src/Symfony/Component/DependencyInjection/Loader/IniFileLoader.php,191,6,3,3
src/Symfony/Component/Form/Extension/Core/DataMapper/PropertyPathMapper.php,189,4,2,2
src/Symfony/Component/Form/Extension/Core/DataTransformer/ScalarToChoiceTransformer.php,155,4,2,2
src/Symfony/Component/Form/Extension/Core/Type/EmailType.php,154,4,2,2
src/Symfony/Component/Form/Extension/Core/Type/TextareaType.php,129,4,2,2
src/Symfony/Component/Form/Util/FormUtil.php,181,20,10,10
src/Symfony/Component/HttpFoundation/Cookie.php,92,2,1,1
src/Symfony/Component/HttpFoundation/File/File.php,131,4,2,2
src/Symfony/Component/HttpFoundation/File/UploadedFile.php,408,2,1,1
src/Symfony/Component/HttpFoundation/ResponseHeaderBag.php,551,4,2,2
src/Symfony/Component/HttpFoundation/SessionStorage/PdoSessionStorage.php,105,4,2,2
src/Symfony/Component/HttpKernel/DependencyInjection/Extension.php,97,6,3,3
src/Symfony/Component/HttpKernel/Event/FilterControllerEvent.php,118,6,3,3
src/Symfony/Component/HttpKernel/Event/GetResponseEvent.php,163,2,1,1
src/Symfony/Component/HttpKernel/HttpCache/Store.php,81,2,1,1
src/Symfony/Component/HttpKernel/HttpCache/StoreInterface.php,52,2,1,1
src/Symfony/Component/HttpKernel/Profiler/Profile.php,82,4,2,2
src/Symfony/Component/Locale/Stub/DateFormat/MonthTransformer.php,139,2,1,1
src/Symfony/Component/Routing/Loader/XmlFileLoader.php,135,10,5,5
src/Symfony/Component/Routing/Matcher/ApacheUrlMatcher.php,71,4,2,2
src/Symfony/Component/Routing/Route.php,256,2,1,1
src/Symfony/Component/Routing/RouteCollection.php,356,14,7,7
src/Symfony/Component/Security/Acl/Domain/SecurityIdentityRetrievalStrategy.php,200,2,1,1
src/Symfony/Component/Security/Core/Authentication/Provider/DaoAuthenticationProvider.php,838,6,3,3
src/Symfony/Component/Security/Core/Authentication/Provider/PreAuthenticatedAuthenticationProvider.php,50,18,10,8
src/Symfony/Component/Security/Core/Authentication/Provider/RememberMeAuthenticationProvider.php,267,8,4,4
src/Symfony/Component/Security/Core/Authentication/Token/AnonymousToken.php,86,6,4,2
src/Symfony/Component/Security/Core/Exception/NonceExpiredException.php,404,34,17,17
src/Symfony/Component/Security/Core/SecurityContext.php,740,4,3,1
src/Symfony/Component/Security/Http/Firewall/ListenerInterface.php,613,2,1,1
src/Symfony/Component/Security/Http/Firewall/RememberMeListener.php,600,1,1,0
src/Symfony/Component/Security/Http/Logout/LogoutSuccessHandlerInterface.php,458,5,3,2
src/Symfony/Component/Security/Http/RememberMe/PersistentTokenBasedRememberMeServices.php,282,4,2,2
src/Symfony/Component/Security/Http/RememberMe/TokenBasedRememberMeServices.php,270,9,7,2
src/Symfony/Component/Serializer/Encoder/DecoderInterface.php,51,6,5,1
src/Symfony/Component/Serializer/Encoder/EncoderInterface.php,182,2,1,1
src/Symfony/Component/Serializer/Encoder/JsonEncoder.php,277,2,1,1
src/Symfony/Component/Serializer/Normalizer/CustomNormalizer.php,404,2,1,1
src/Symfony/Component/Serializer/Normalizer/GetSetMethodNormalizer.php,372,1,1,0
src/Symfony/Component/Serializer/Normalizer/NormalizerInterface.php,437,2,1,1
src/Symfony/Component/Serializer/SerializerInterface.php,125,2,1,1
src/Symfony/Component/Translation/Loader/CsvFileLoader.php,270,4,2,2
src/Symfony/Component/Translation/Loader/PhpFileLoader.php,277,1,0,1
src/Symfony/Component/Validator/Mapping/Loader/FileLoader.php,180,6,2,4
src/Symfony/Component/Validator/Mapping/MemberMetadata.php,404,26,25,1
src/Symfony/Component/Validator/Validator.php,247,2,1,1
tests/Symfony/Tests/Bridge/Doctrine/Fixtures/AssociationEntity.php,37,2,1,1
tests/Symfony/Tests/Bridge/Monolog/Processor/WebProcessorTest.php,202,4,2,2
tests/Symfony/Tests/Component/ClassLoader/ClassCollectionLoaderTest.php,206,11,11,0
tests/Symfony/Tests/Component/Config/Loader/DelegatingLoaderTest.php,260,18,18,0
tests/Symfony/Tests/Component/DependencyInjection/Compiler/CheckDefinitionValidityPassTest.php,194,2,1,1
tests/Symfony/Tests/Component/DependencyInjection/DefinitionDecoratorTest.php,194,2,1,1
tests/Symfony/Tests/Component/DependencyInjection/Dumper/PhpDumperTest.php,285,41,37,4
tests/Symfony/Tests/Component/DependencyInjection/Fixtures/php/services10.php,183,4,4,0
tests/Symfony/Tests/Component/DependencyInjection/Loader/ClosureLoaderTest.php,285,2,1,1
tests/Symfony/Tests/Component/DependencyInjection/Loader/PhpFileLoaderTest.php,154,2,1,1
tests/Symfony/Tests/Component/Form/AbstractExtensionTest.php,69,1,1,0
tests/Symfony/Tests/Component/Form/Extension/Core/DataMapper/PropertyPathMapperTest.php,308,2,1,1
tests/Symfony/Tests/Component/Form/Extension/Core/DataTransformer/ScalarToChoiceTransformerTest.php,296,10,8,2
tests/Symfony/Tests/Component/Form/Extension/Core/Type/CountryTypeTest.php,298,11,8,3
tests/Symfony/Tests/Component/Form/Extension/Core/Type/DateTimeTypeTest.php,157,19,13,6
tests/Symfony/Tests/Component/Form/Extension/Core/Type/FormTypeTest.php,177,10,8,2
tests/Symfony/Tests/Component/Form/Extension/Core/Type/IntegerTypeTest.php,111,8,4,4
tests/Symfony/Tests/Component/Form/Extension/Core/Type/LanguageTypeTest.php,113,10,6,4
tests/Symfony/Tests/Component/Form/Extension/Core/Type/LocaleTypeTest.php,119,47,44,3
tests/Symfony/Tests/Component/Form/Extension/Core/Type/PasswordTypeTest.php,225,4,2,2
tests/Symfony/Tests/Component/Form/Extension/Core/Type/RepeatedTypeTest.php,78,66,42,24
tests/Symfony/Tests/Component/Form/Extension/Core/Type/TimezoneTypeTest.php,114,4,4,0
tests/Symfony/Tests/Component/Form/Extension/Core/Type/UrlTypeTest.php,198,5,4,1
tests/Symfony/Tests/Component/Form/Util/FormUtilTest.php,195,6,6,0
tests/Symfony/Tests/Component/HttpFoundation/File/FileTest.php,89,53,38,15
tests/Symfony/Tests/Component/HttpFoundation/File/MimeType/MimeTypeTest.php,196,5,3,2
tests/Symfony/Tests/Component/HttpFoundation/ResponseHeaderBagTest.php,182,4,2,2
tests/Symfony/Tests/Component/HttpKernel/CacheWarmer/CacheWarmerTest.php,183,31,20,11
tests/Symfony/Tests/Component/HttpKernel/Profiler/SqliteProfilerStorageTest.php,681,17,13,4
tests/Symfony/Tests/Component/Process/PhpExecutableFinderTest.php,706,7,4,3
tests/Symfony/Tests/Component/Process/ProcessTest.php,194,17,16,1
tests/Symfony/Tests/Component/Routing/Loader/ClosureLoaderTest.php,693,29,22,7
tests/Symfony/Tests/Component/Routing/Loader/PhpFileLoaderTest.php,722,27,23,4
tests/Symfony/Tests/Component/Routing/Loader/XmlFileLoaderTest.php,738,21,21,0
tests/Symfony/Tests/Component/Routing/Loader/YamlFileLoaderTest.php,78,1,1,0
tests/Symfony/Tests/Component/Routing/RouteCollectionTest.php,136,2,1,1
tests/Symfony/Tests/Component/Security/Core/SecurityContextTest.php,92,2,1,1
tests/Symfony/Tests/Component/Security/Http/Firewall/BasicAuthenticationListenerTest.php,92,2,1,1
tests/Symfony/Tests/Component/Security/Http/Firewall/RememberMeListenerTest.php,57,4,2,2
tests/Symfony/Tests/Component/Security/Http/Logout/CookieClearingLogoutHandlerTest.php,177,4,2,2
tests/Symfony/Tests/Component/Security/Http/RememberMe/TokenBasedRememberMeServicesTest.php,95,2,1,1
tests/Symfony/Tests/Component/Serializer/Normalizer/GetSetMethodNormalizerTest.php,116,4,2,2
tests/Symfony/Tests/Component/Serializer/SerializerTest.php,118,2,1,1
tests/Symfony/Tests/Component/Templating/Helper/AssetsHelperTest.php,479,2,1,1
tests/Symfony/Tests/Component/Translation/Loader/CsvFileLoaderTest.php,95,2,1,1
tests/Symfony/Tests/Component/Translation/Loader/PhpFileLoaderTest.php,176,4,2,2
tests/Symfony/Tests/Component/Translation/Loader/XliffFileLoaderTest.php,246,10,5,5
tests/Symfony/Tests/Component/Validator/Constraints/DateValidatorTest.php,441,2,1,1
tests/Symfony/Tests/Component/Validator/Constraints/TimeValidatorTest.php,116,6,3,3
tests/Symfony/Tests/Component/Validator/Mapping/ClassMetadataFactoryTest.php,158,16,8,8
src/Symfony/Bridge/Doctrine/Security/User/EntityUserProvider.php,60,4,2,2
src/Symfony/Bundle/DoctrineBundle/Tests/DependencyInjection/TestDatetimeFunction.php,127,4,2,2
src/Symfony/Bundle/DoctrineBundle/Tests/DependencyInjection/TestNumericFunction.php,141,6,3,3
src/Symfony/Bundle/FrameworkBundle/Resources/views/Form/fieldwidget.html.php,479,8,4,4
src/Symfony/Bundle/TwigBundle/Controller/ExceptionController.php,50,2,1,1
src/Symfony/Bundle/TwigBundle/Tests/Controller/ExceptionControllerTest.php,186,16,8,8
src/Symfony/Component/DomCrawler/Link.php,70,10,5,5
src/Symfony/Component/Finder/Comparator/Comparator.php,109,12,6,6
src/Symfony/Component/Finder/Comparator/DateComparator.php,112,2,1,1
src/Symfony/Component/Form/Extension/Core/DataTransformer/IntegerToLocalizedStringTransformer.php,89,2,1,1
src/Symfony/Component/HttpFoundation/File/MimeType/MimeTypeGuesser.php,60,2,1,1
src/Symfony/Component/Locale/Stub/StubNumberFormatter.php,368,30,15,15
src/Symfony/Component/Security/Acl/Domain/UserSecurityIdentity.php,141,6,3,3
src/Symfony/Component/Security/Core/Authentication/Provider/UserAuthenticationProvider.php,740,4,2,2
src/Symfony/Component/Security/Core/User/UserCheckerInterface.php,191,2,1,1
tests/Symfony/Tests/Bridge/Doctrine/DoctrineOrmTestCase.php,154,2,1,1
tests/Symfony/Tests/Bridge/Doctrine/Fixtures/CompositeIdentEntity.php,202,16,8,8
tests/Symfony/Tests/Bridge/Doctrine/Fixtures/CompositeStringIdentEntity.php,55,2,1,1
tests/Symfony/Tests/Bridge/Doctrine/Fixtures/SingleIdentEntity.php,44,10,5,5
tests/Symfony/Tests/Bridge/Doctrine/Fixtures/SingleStringIdentEntity.php,108,12,6,6
tests/Symfony/Tests/Bridge/Doctrine/Form/ChoiceList/EntityChoiceListTest.php,251,14,7,7
tests/Symfony/Tests/Bridge/Doctrine/Security/User/EntityUserProviderTest.php,442,16,8,8
tests/Symfony/Tests/Component/DomCrawler/LinkTest.php,277,6,3,3
tests/Symfony/Tests/Component/Form/Extension/Core/DataTransformer/IntegerToLocalizedStringTransformerTest.php,208,44,22,22
tests/Symfony/Tests/Component/HttpKernel/Profiler/ProfilerTest.php,181,16,8,8
tests/Symfony/Tests/Component/Security/Acl/Dbal/AclProviderTest.php,92,10,5,5
tests/Symfony/Tests/Component/Security/Http/HttpUtilsTest.php,616,24,12,12
tests/Symfony/Tests/Component/Serializer/Fixtures/NormalizableTraversableDummy.php,404,2,1,1
tests/Symfony/Tests/Component/Serializer/Fixtures/TraversableDummy.php,344,2,1,1
tests/Symfony/Tests/Component/Yaml/InlineTest.php,108,12,6,6
src/Symfony/Bridge/Doctrine/DataCollector/DoctrineDataCollector.php,403,4,2,2
src/Symfony/Bridge/Doctrine/Form/ChoiceList/EntityChoiceList.php,131,16,8,8
src/Symfony/Bridge/Doctrine/Form/EventListener/MergeCollectionListener.php,182,26,13,13
src/Symfony/Bridge/Swiftmailer/DataCollector/MessageDataCollector.php,197,44,22,22
src/Symfony/Bridge/Twig/Node/FormThemeNode.php,95,6,3,3
src/Symfony/Bridge/Twig/Node/TransNode.php,225,2,1,1
src/Symfony/Bridge/Twig/TokenParser/FormThemeTokenParser.php,76,2,1,1
src/Symfony/Bridge/Twig/TokenParser/TransChoiceTokenParser.php,105,8,4,4
src/Symfony/Bridge/Twig/TokenParser/TransTokenParser.php,118,2,1,1
src/Symfony/Bundle/DoctrineBundle/Mapping/ClassMetadataCollection.php,163,14,7,7
src/Symfony/Bundle/DoctrineBundle/Mapping/DisconnectedMetadataFactory.php,152,2,1,1
src/Symfony/Bundle/DoctrineBundle/Tests/DependencyInjection/XMLSchemaTest.php,160,4,2,2
src/Symfony/Bundle/FrameworkBundle/Controller/Controller.php,270,6,3,3
src/Symfony/Bundle/FrameworkBundle/Controller/ControllerResolver.php,149,4,2,2
src/Symfony/Bundle/FrameworkBundle/Templating/Helper/FormHelper.php,125,4,2,2
src/Symfony/Bundle/FrameworkBundle/Templating/Loader/FilesystemLoader.php,71,12,6,6
src/Symfony/Bundle/FrameworkBundle/Templating/Loader/TemplateLocator.php,24,6,3,3
src/Symfony/Bundle/FrameworkBundle/Templating/TemplateNameParser.php,356,12,6,6
src/Symfony/Bundle/FrameworkBundle/Tests/Functional/Bundle/TestBundle/Controller/SessionController.php,251,2,2,0
src/Symfony/Bundle/FrameworkBundle/Tests/Functional/Bundle/TestBundle/TestBundle.php,50,2,2,0
src/Symfony/Bundle/FrameworkBundle/Tests/Functional/SessionTest.php,142,2,2,0
src/Symfony/Bundle/FrameworkBundle/Tests/Functional/WebTestCase.php,94,2,2,0
src/Symfony/Bundle/FrameworkBundle/Tests/Functional/app/AppKernel.php,126,5,3,2
src/Symfony/Bundle/FrameworkBundle/Tests/Functional/app/Session/bundles.php,186,16,8,8
src/Symfony/Bundle/FrameworkBundle/Tests/Templating/Helper/CodeHelperTest.php,109,12,6,6
src/Symfony/Bundle/FrameworkBundle/Tests/Templating/Helper/Fixtures/StubTemplateNameParser.php,251,6,3,3
src/Symfony/Bundle/FrameworkBundle/Tests/Templating/Helper/FormHelperDivLayoutTest.php,251,6,3,3
src/Symfony/Bundle/FrameworkBundle/Tests/Templating/Helper/FormHelperTableLayoutTest.php,55,2,1,1
src/Symfony/Bundle/FrameworkBundle/Tests/Templating/Loader/TemplateLocatorTest.php,176,6,3,3
src/Symfony/Bundle/SecurityBundle/Tests/DependencyInjection/SecurityExtensionTest.php,246,4,2,2
src/Symfony/Bundle/SecurityBundle/Tests/Functional/WebTestCase.php,587,6,3,3
src/Symfony/Bundle/SwiftmailerBundle/Command/SendEmailCommand.php,441,2,1,1
src/Symfony/Bundle/SwiftmailerBundle/Logger/MessageLogger.php,198,2,1,1
src/Symfony/Bundle/TwigBundle/Extension/AssetsExtension.php,144,6,3,3
src/Symfony/Bundle/TwigBundle/Extension/CodeExtension.php,89,2,1,1
src/Symfony/Bundle/TwigBundle/Loader/FilesystemLoader.php,60,2,1,1
src/Symfony/Bundle/TwigBundle/TokenParser/RenderTokenParser.php,141,6,3,3
src/Symfony/Component/Config/Definition/Builder/MergeBuilder.php,740,32,16,16
src/Symfony/Component/Config/Definition/NodeInterface.php,191,8,4,4
src/Symfony/Component/Console/Command/HelpCommand.php,154,2,1,1
src/Symfony/Component/Console/Formatter/OutputFormatter.php,363,18,9,9
src/Symfony/Component/Console/Formatter/OutputFormatterInterface.php,196,8,4,4
src/Symfony/Component/Console/Formatter/OutputFormatterStyle.php,55,2,1,1
src/Symfony/Component/Console/Formatter/OutputFormatterStyleInterface.php,442,4,2,2
src/Symfony/Component/Console/Helper/HelperSet.php,277,10,5,5
src/Symfony/Component/Console/Input/ArgvInput.php,404,2,1,1
src/Symfony/Component/Console/Input/ArrayInput.php,182,4,2,2
src/Symfony/Component/Console/Input/InputArgument.php,197,2,1,1
src/Symfony/Component/Console/Input/InputInterface.php,96,2,1,1
src/Symfony/Component/Console/Input/StringInput.php,551,36,18,18
src/Symfony/Component/Console/Output/ConsoleOutput.php,373,20,10,10
src/Symfony/Component/Console/Output/Output.php,105,8,4,4
src/Symfony/Component/Console/Output/OutputInterface.php,163,16,8,8
src/Symfony/Component/Console/Output/StreamOutput.php,152,2,1,1
src/Symfony/Component/CssSelector/Node/PseudoNode.php,206,14,7,7
src/Symfony/Component/CssSelector/XPathExprOr.php,270,2,1,1
src/Symfony/Component/DependencyInjection/Compiler/AnalyzeServiceReferencesPass.php,125,4,2,2
src/Symfony/Component/DependencyInjection/Compiler/CheckCircularReferencesPass.php,256,12,6,6
src/Symfony/Component/DependencyInjection/Compiler/CheckExceptionOnInvalidReferenceBehaviorPass.php,382,2,1,1
src/Symfony/Component/DependencyInjection/Compiler/CheckReferenceValidityPass.php,588,5,3,2
src/Symfony/Component/DependencyInjection/Compiler/CompilerPassInterface.php,199,5,3,2
src/Symfony/Component/DependencyInjection/Compiler/InlineServiceDefinitionsPass.php,90,3,1,2
src/Symfony/Component/DependencyInjection/Compiler/ReplaceAliasByActualDefinitionPass.php,314,3,1,2
src/Symfony/Component/DependencyInjection/Compiler/ResolveReferencesToAliasesPass.php,108,3,1,2
src/Symfony/Component/DependencyInjection/Compiler/ServiceReferenceGraph.php,739,3,1,2
src/Symfony/Component/DependencyInjection/Container.php,179,3,1,2
src/Symfony/Component/DependencyInjection/ContainerInterface.php,199,3,1,2
src/Symfony/Component/DependencyInjection/Definition.php,267,9,3,6
src/Symfony/Component/DependencyInjection/ParameterBag/FrozenParameterBag.php,206,3,1,2
src/Symfony/Component/DependencyInjection/ParameterBag/ParameterBag.php,380,6,2,4
src/Symfony/Component/DependencyInjection/Reference.php,370,6,2,4
src/Symfony/Component/Filesystem/Filesystem.php,823,45,15,30
src/Symfony/Component/Form/Extension/Core/ChoiceList/TimezoneChoiceList.php,143,12,4,8
src/Symfony/Component/Form/Extension/Core/DataTransformer/ArrayToBooleanChoicesTransformer.php,199,3,1,2
src/Symfony/Component/Form/Extension/Core/DataTransformer/ScalarToBooleanChoicesTransformer.php,169,35,18,17
src/Symfony/Component/Form/Extension/Core/Type/CheckboxType.php,279,6,4,2
src/Symfony/Component/Form/Extension/Core/Type/MoneyType.php,441,2,1,1
src/Symfony/Component/Form/Extension/Core/Type/RadioType.php,181,2,1,1
src/Symfony/Component/Form/Extension/Csrf/CsrfProvider/SessionCsrfProvider.php,119,2,1,1
src/Symfony/Component/Form/Extension/Validator/Type/FieldTypeValidatorExtension.php,78,2,1,1
src/Symfony/Component/Form/FormTypeGuesserInterface.php,474,4,2,2
src/Symfony/Component/Form/FormView.php,237,4,2,2
src/Symfony/Component/Form/Guess/Guess.php,370,4,2,2
src/Symfony/Component/HttpFoundation/ApacheRequest.php,402,2,1,1
src/Symfony/Component/HttpFoundation/File/MimeType/MimeTypeGuesserInterface.php,155,1,1,0
src/Symfony/Component/HttpKernel/CacheWarmer/CacheWarmer.php,193,10,10,0
src/Symfony/Component/HttpKernel/CacheWarmer/CacheWarmerAggregate.php,357,19,19,0
src/Symfony/Component/HttpKernel/CacheWarmer/CacheWarmerInterface.php,98,9,9,0
src/Symfony/Component/HttpKernel/Client.php,442,2,1,1
src/Symfony/Component/HttpKernel/Log/NullLogger.php,199,7,6,1
src/Symfony/Component/Locale/Locale.php,753,55,53,2
src/Symfony/Component/Locale/Stub/DateFormat/DayTransformer.php,780,80,70,10
src/Symfony/Component/Locale/Stub/DateFormat/Hour1200Transformer.php,308,2,1,1
src/Symfony/Component/Locale/Stub/DateFormat/Hour1201Transformer.php,434,2,0,2
src/Symfony/Component/Locale/Stub/DateFormat/Hour2400Transformer.php,158,2,1,1
src/Symfony/Component/Locale/Stub/DateFormat/Hour2401Transformer.php,143,10,5,5
src/Symfony/Component/Locale/Stub/DateFormat/HourTransformer.php,94,4,2,2
src/Symfony/Component/Locale/Stub/DateFormat/MinuteTransformer.php,479,2,1,1
src/Symfony/Component/Locale/Stub/DateFormat/SecondTransformer.php,186,2,1,1
src/Symfony/Component/Locale/Stub/DateFormat/TimeZoneTransformer.php,144,2,1,1
src/Symfony/Component/Locale/Stub/DateFormat/Transformer.php,368,2,1,1
src/Symfony/Component/Locale/Stub/DateFormat/YearTransformer.php,191,2,1,1
src/Symfony/Component/Locale/Stub/StubCollator.php,363,2,1,1
src/Symfony/Component/Locale/Stub/StubIntl.php,75,2,1,1
src/Symfony/Component/Locale/Stub/StubLocale.php,298,2,1,1
src/Symfony/Component/Process/PhpExecutableFinder.php,202,6,3,3
src/Symfony/Component/Routing/Generator/Dumper/GeneratorDumper.php,55,2,1,1
src/Symfony/Component/Routing/Matcher/Dumper/MatcherDumper.php,96,2,1,1
src/Symfony/Component/Security/Acl/Domain/AuditLogger.php,179,4,2,2
src/Symfony/Component/Security/Acl/Domain/Entry.php,616,12,6,6
src/Symfony/Component/Security/Acl/Domain/ObjectIdentity.php,404,2,1,1
src/Symfony/Component/Security/Acl/Permission/MaskBuilder.php,89,1,0,1
src/Symfony/Component/Security/Core/Authentication/RememberMe/TokenProviderInterface.php,402,2,1,1
src/Symfony/Component/Security/Core/Authentication/Token/RememberMeToken.php,199,2,1,1
src/Symfony/Component/Security/Core/Authorization/Voter/VoterInterface.php,119,3,1,2
src/Symfony/Component/Security/Core/Encoder/EncoderFactory.php,408,2,1,1
src/Symfony/Component/Security/Core/Encoder/EncoderFactoryInterface.php,373,1,0,1
src/Symfony/Component/Security/Core/SecurityContextInterface.php,163,2,1,1
src/Symfony/Component/Security/Core/User/UserInterface.php,60,2,1,1
src/Symfony/Component/Security/Http/EntryPoint/RetryAuthenticationEntryPoint.php,152,8,4,4
src/Symfony/Component/Security/Http/Firewall.php,160,8,4,4
src/Symfony/Component/Security/Http/Firewall/LogoutListener.php,60,2,1,1
src/Symfony/Component/Security/Http/FirewallMapInterface.php,149,6,3,3
src/Symfony/Component/Security/Http/Logout/CookieClearingLogoutHandler.php,71,2,1,1
src/Symfony/Component/Security/Http/Logout/LogoutHandlerInterface.php,256,18,9,9
src/Symfony/Component/Security/Http/Logout/SessionLogoutHandler.php,77,2,1,1
src/Symfony/Component/Security/Http/RememberMe/RememberMeServicesInterface.php,296,4,2,2
src/Symfony/Component/Templating/Helper/AssetsHelper.php,206,4,2,2
src/Symfony/Component/Translation/Loader/ArrayLoader.php,295,5,2,3
src/Symfony/Component/Validator/ConstraintValidatorFactoryInterface.php,350,1,0,1
src/Symfony/Component/Validator/Mapping/GetterMetadata.php,244,4,2,2
src/Symfony/Component/Validator/Mapping/Loader/FilesLoader.php,237,4,2,2
src/Symfony/Component/Validator/Mapping/Loader/XmlFilesLoader.php,1591,1,0,1
src/Symfony/Component/Validator/Mapping/Loader/YamlFilesLoader.php,379,12,6,6
src/Symfony/Component/Validator/ValidatorInterface.php,296,13,6,7
src/Symfony/Component/Yaml/Exception/ParseException.php,530,4,2,2
tests/Symfony/Tests/Bridge/Doctrine/DataCollector/DoctrineDataCollectorTest.php,169,1,0,1
tests/Symfony/Tests/Component/Console/Formatter/OutputFormatterTest.php,600,1,0,1
tests/Symfony/Tests/Component/Console/Helper/FormatterHelperTest.php,143,2,1,1
tests/Symfony/Tests/Component/CssSelector/Node/OrNodeTest.php,780,1,0,1
tests/Symfony/Tests/Component/DependencyInjection/ParameterBag/ParameterBagTest.php,279,1,0,1
tests/Symfony/Tests/Component/DependencyInjection/ReferenceTest.php,143,1,0,1
tests/Symfony/Tests/Component/Form/Extension/Core/DataTransformer/DataTransformerChainTest.php,187,16,12,4
tests/Symfony/Tests/Component/Form/Extension/Core/DataTransformer/DateTimeToTimestampTransformerTest.php,558,35,35,0
tests/Symfony/Tests/Component/Form/Extension/Core/DataTransformer/MoneyToLocalizedStringTransformerTest.php,251,2,1,1
tests/Symfony/Tests/Component/Form/Extension/Core/DataTransformer/PercentToLocalizedStringTransformerTest.php,119,2,1,1
tests/Symfony/Tests/Component/Form/Extension/Core/Type/CheckboxTypeTest.php,491,23,21,2
tests/Symfony/Tests/Component/HttpFoundation/ApacheRequestTest.php,44,2,1,1
tests/Symfony/Tests/Component/HttpKernel/DataCollector/LoggerDataCollectorTest.php,140,6,6,0
tests/Symfony/Tests/Component/HttpKernel/HttpCache/HttpCacheTestCase.php,71,4,4,0
tests/Symfony/Tests/Component/Locale/TestCase.php,368,2,1,1
tests/Symfony/Tests/Component/Security/Acl/Domain/ObjectIdentityRetrievalStrategyTest.php,743,8,7,1
tests/Symfony/Tests/Component/Security/Acl/Domain/SecurityIdentityRetrievalStrategyTest.php,100,23,15,8
tests/Symfony/Tests/Component/Security/Core/Authentication/Provider/DaoAuthenticationProviderTest.php,367,19,13,6
tests/Symfony/Tests/Component/Security/Core/Authorization/Voter/AuthenticatedVoterTest.php,141,17,10,7
tests/Symfony/Tests/Component/Translation/MessageCatalogueTest.php,375,6,5,1
tests/Symfony/Tests/Component/Yaml/DumperTest.php,302,12,11,1
src/Symfony/Bridge/Twig/Extension/FormExtension.php,149,9,8,1
src/Symfony/Bundle/DoctrineBundle/Command/CreateDatabaseDoctrineCommand.php,182,24,24,0
src/Symfony/Bundle/DoctrineBundle/Command/DropDatabaseDoctrineCommand.php,51,2,0,2
src/Symfony/Bundle/DoctrineBundle/Command/InfoDoctrineCommand.php,89,2,2,0
src/Symfony/Bundle/DoctrineBundle/Command/Proxy/ClearMetadataCacheDoctrineCommand.php,60,4,4,0
src/Symfony/Bundle/DoctrineBundle/Command/Proxy/ClearQueryCacheDoctrineCommand.php,367,25,18,7
src/Symfony/Bundle/DoctrineBundle/Command/Proxy/ClearResultCacheDoctrineCommand.php,743,3,3,0
src/Symfony/Bundle/FrameworkBundle/Resources/views/Form/datetimewidget.html.php,191,42,16,26
src/Symfony/Bundle/TwigBundle/DependencyInjection/Configuration.php,156,6,5,1
src/Symfony/Component/ClassLoader/ApcUniversalClassLoader.php,375,18,6,12
src/Symfony/Component/Form/Extension/Core/DataTransformer/DateTimeToLocalizedStringTransformer.php,196,8,1,7
src/Symfony/Component/HttpFoundation/SessionStorage/FilesystemSessionStorage.php,100,2,1,1
src/Symfony/Component/HttpKernel/HttpCache/Esi.php,412,2,1,1
src/Symfony/Component/HttpKernel/Profiler/MysqlProfilerStorage.php,392,4,4,0
src/Symfony/Component/Routing/Annotation/Route.php,624,18,13,5
src/Symfony/Component/Security/Acl/Model/MutableAclProviderInterface.php,609,16,14,2
src/Symfony/Component/Security/Core/User/AdvancedUserInterface.php,199,30,15,15
src/Symfony/Component/Security/Core/User/UserProviderInterface.php,177,2,1,1
src/Symfony/Component/Yaml/Yaml.php,340,8,7,1
tests/Symfony/Tests/Component/DependencyInjection/Fixtures/php/services1-1.php,100,2,1,1
tests/Symfony/Tests/Component/DependencyInjection/Fixtures/php/services1.php,151,15,14,1
tests/Symfony/Tests/Component/Form/Extension/Core/Type/MoneyTypeTest.php,86,2,1,1
tests/Symfony/Tests/Component/Locale/LocaleTest.php,133,96,93,3
src/Symfony/Bridge/Twig/Extension/YamlExtension.php,199,4,2,2
src/Symfony/Bundle/FrameworkBundle/CacheWarmer/TemplateFinder.php,105,6,2,4
src/Symfony/Bundle/FrameworkBundle/CacheWarmer/TemplatePathsCacheWarmer.php,155,11,6,5
src/Symfony/Bundle/FrameworkBundle/Client.php,155,2,1,1
src/Symfony/Bundle/FrameworkBundle/DependencyInjection/Compiler/AddCacheWarmerPass.php,151,24,12,12
src/Symfony/Bundle/FrameworkBundle/Resources/views/Form/attributes.html.php,633,64,48,16
src/Symfony/Bundle/FrameworkBundle/Resources/views/Form/containerattributes.html.php,605,41,22,19
src/Symfony/Bundle/FrameworkBundle/Resources/views/Form/fieldlabel.html.php,643,12,5,7
src/Symfony/Bundle/FrameworkBundle/Resources/views/Form/formlabel.html.php,195,8,6,2
src/Symfony/Bundle/FrameworkBundle/Routing/RedirectableUrlMatcher.php,764,62,40,22
src/Symfony/Bundle/FrameworkBundle/Tests/Debug/TraceableEventDispatcherTest.php,785,41,23,18
src/Symfony/Bundle/FrameworkBundle/Tests/DependencyInjection/Compiler/AddCacheWarmerPassTest.php,648,2,1,1
src/Symfony/Bundle/FrameworkBundle/Tests/Routing/RedirectableUrlMatcherTest.php,144,2,0,2
src/Symfony/Bundle/MonologBundle/Tests/DependencyInjection/Compiler/AddProcessorsPassTest.php,442,5,0,5
src/Symfony/Bundle/SecurityBundle/DependencyInjection/Security/Factory/AbstractFactory.php,110,1,0,1
src/Symfony/Bundle/SecurityBundle/DependencyInjection/Security/Factory/HttpDigestFactory.php,100,1,1,0
src/Symfony/Bundle/SecurityBundle/Tests/DependencyInjection/Fixtures/php/container1.php,326,4,4,0
src/Symfony/Bundle/TwigBundle/DependencyInjection/TwigExtension.php,200,8,8,0
src/Symfony/Bundle/TwigBundle/Tests/DependencyInjection/Fixtures/php/full.php,326,6,3,3
src/Symfony/Bundle/TwigBundle/Tests/DependencyInjection/TwigExtensionTest.php,129,12,10,2
src/Symfony/Component/BrowserKit/CookieJar.php,129,2,1,1
src/Symfony/Component/Config/Definition/Builder/NodeBuilder.php,274,6,5,1
src/Symfony/Component/Config/Definition/Builder/TreeBuilder.php,695,5,4,1
src/Symfony/Component/Config/Definition/Processor.php,255,8,5,3
src/Symfony/Component/Config/Exception/FileLoaderLoadException.php,169,6,3,3
src/Symfony/Component/Config/Loader/DelegatingLoader.php,482,2,0,2
src/Symfony/Component/Console/Command/ListCommand.php,86,16,5,11
src/Symfony/Component/Console/Output/NullOutput.php,86,4,2,2
src/Symfony/Component/Console/Tester/ApplicationTester.php,100,2,1,1
src/Symfony/Component/Console/Tester/CommandTester.php,412,2,1,1
src/Symfony/Component/CssSelector/Node/ClassNode.php,392,4,4,0
src/Symfony/Component/CssSelector/Node/CombinedSelectorNode.php,624,18,13,5
src/Symfony/Component/CssSelector/Node/ElementNode.php,609,16,14,2
src/Symfony/Component/CssSelector/Node/HashNode.php,199,30,15,15
src/Symfony/Component/CssSelector/Token.php,177,2,1,1
src/Symfony/Component/CssSelector/XPathExpr.php,340,8,7,1
src/Symfony/Component/DependencyInjection/Alias.php,703,4,2,2
src/Symfony/Component/DependencyInjection/Compiler/ServiceReferenceGraphEdge.php,706,6,5,1
src/Symfony/Component/DependencyInjection/Compiler/ServiceReferenceGraphNode.php,706,2,1,1
src/Symfony/Component/DependencyInjection/Dumper/DumperInterface.php,609,10,8,2
src/Symfony/Component/DependencyInjection/Loader/ClosureLoader.php,622,29,25,4
src/Symfony/Component/DependencyInjection/ParameterBag/ParameterBagInterface.php,100,2,1,1
src/Symfony/Component/EventDispatcher/EventDispatcherInterface.php,169,4,4,0
src/Symfony/Component/Form/AbstractTypeExtension.php,329,3,2,1
src/Symfony/Component/Form/Extension/Core/ChoiceList/MonthChoiceList.php,120,32,29,3
src/Symfony/Component/Form/Extension/Core/DataTransformer/BooleanToStringTransformer.php,151,15,14,1
src/Symfony/Component/Form/Extension/Core/DataTransformer/DataTransformerChain.php,706,4,2,2
src/Symfony/Component/Form/Extension/Core/DataTransformer/DateTimeToStringTransformer.php,203,12,6,6
src/Symfony/Component/Form/Extension/Core/DataTransformer/DateTimeToTimestampTransformer.php,86,2,1,1
src/Symfony/Component/Form/Extension/Core/DataTransformer/MoneyToLocalizedStringTransformer.php,133,96,93,3
src/Symfony/Component/Form/Extension/Core/DataTransformer/NumberToLocalizedStringTransformer.php,199,4,2,2
src/Symfony/Component/Form/Extension/Core/DataTransformer/PercentToLocalizedStringTransformer.php,105,6,2,4
src/Symfony/Component/Form/Extension/Csrf/CsrfProvider/CsrfProviderInterface.php,155,11,6,5
src/Symfony/Component/Form/Extension/Csrf/CsrfProvider/DefaultCsrfProvider.php,155,2,1,1
src/Symfony/Component/Form/Extension/Csrf/Type/CsrfType.php,151,24,12,12
src/Symfony/Component/Form/Extension/Csrf/Type/FormTypeCsrfExtension.php,329,2,1,1
src/Symfony/Component/Form/FormError.php,633,64,48,16
src/Symfony/Component/Form/FormFactoryInterface.php,605,41,22,19
src/Symfony/Component/Form/FormInterface.php,643,12,5,7
src/Symfony/Component/Form/FormTypeExtensionInterface.php,365,2,1,1
src/Symfony/Component/Form/FormTypeGuesserChain.php,195,8,6,2
src/Symfony/Component/Form/FormTypeInterface.php,764,62,40,22
src/Symfony/Component/Form/Guess/TypeGuess.php,785,41,23,18
src/Symfony/Component/Form/Guess/ValueGuess.php,648,2,1,1
src/Symfony/Component/Form/Util/PropertyPathIterator.php,224,6,5,1
src/Symfony/Component/HttpFoundation/File/Exception/AccessDeniedException.php,224,2,1,1
src/Symfony/Component/HttpFoundation/File/Exception/FileNotFoundException.php,144,2,0,2
src/Symfony/Component/HttpFoundation/HeaderBag.php,442,5,0,5
src/Symfony/Component/HttpFoundation/RequestMatcherInterface.php,110,1,0,1
src/Symfony/Component/HttpFoundation/SessionStorage/NativeSessionStorage.php,100,1,1,0
src/Symfony/Component/HttpFoundation/SessionStorage/SessionStorageInterface.php,485,6,5,1
src/Symfony/Component/HttpKernel/Config/FileLocator.php,623,10,6,4
src/Symfony/Component/HttpKernel/DataCollector/DataCollector.php,326,4,4,0
src/Symfony/Component/HttpKernel/DataCollector/DataCollectorInterface.php,200,8,8,0
src/Symfony/Component/HttpKernel/Debug/ErrorHandler.php,326,6,3,3
src/Symfony/Component/HttpKernel/Debug/ExceptionHandler.php,153,18,15,3
src/Symfony/Component/HttpKernel/Event/GetResponseForExceptionEvent.php,129,12,10,2
src/Symfony/Component/HttpKernel/EventListener/ResponseListener.php,129,2,1,1
src/Symfony/Component/HttpKernel/Exception/MethodNotAllowedHttpException.php,492,4,4,0
src/Symfony/Component/HttpKernel/HttpKernelInterface.php,493,39,22,17
src/Symfony/Component/Locale/Exception/MethodArgumentNotImplementedException.php,493,16,8,8
src/Symfony/Component/Locale/Exception/MethodArgumentValueNotImplementedException.php,224,2,1,1
src/Symfony/Component/Locale/Exception/NotImplementedException.php,216,31,30,1
src/Symfony/Component/Locale/Resources/data/update-data.php,864,203,173,30
src/Symfony/Component/Locale/Resources/stubs/functions.php,743,4,2,2
src/Symfony/Component/Routing/Generator/Dumper/GeneratorDumperInterface.php,741,12,5,7
src/Symfony/Component/Routing/Generator/Dumper/PhpGeneratorDumper.php,748,17,13,4
src/Symfony/Component/Routing/Loader/YamlFileLoader.php,625,54,33,21
src/Symfony/Component/Routing/Matcher/Dumper/MatcherDumperInterface.php,60,2,1,1
src/Symfony/Component/Routing/Matcher/RedirectableUrlMatcherInterface.php,232,4,2,2
src/Symfony/Component/Routing/Matcher/UrlMatcherInterface.php,223,6,3,3
src/Symfony/Component/Routing/RequestContext.php,225,6,3,3
src/Symfony/Component/Routing/Router.php,864,36,18,18
src/Symfony/Component/Security/Acl/Domain/AclCollectionCache.php,158,12,12,0
src/Symfony/Component/Security/Acl/Model/AclProviderInterface.php,48,21,11,10
src/Symfony/Component/Security/Acl/Model/AuditLoggerInterface.php,487,33,17,16
src/Symfony/Component/Security/Acl/Model/AuditableAclInterface.php,152,12,4,8
src/Symfony/Component/Security/Acl/Model/MutableAclInterface.php,29,6,3,3
src/Symfony/Component/Security/Core/Authentication/Token/TokenInterface.php,279,5,5,0
src/Symfony/Component/Security/Core/Authentication/Token/UsernamePasswordToken.php,355,9,3,6
src/Symfony/Component/Security/Core/Encoder/BasePasswordEncoder.php,294,26,23,3
src/Symfony/Component/Security/Http/Authorization/AccessDeniedHandlerInterface.php,370,4,4,0
src/Symfony/Component/Serializer/Normalizer/NormalizableInterface.php,356,11,11,0
src/Symfony/Component/Templating/Helper/SlotsHelper.php,738,10,6,4
src/Symfony/Component/Templating/Loader/LoaderInterface.php,111,6,4,2
src/Symfony/Component/Templating/TemplateReference.php,654,8,8,0
src/Symfony/Component/Templating/TemplateReferenceInterface.php,113,6,4,2
src/Symfony/Component/Translation/Loader/LoaderInterface.php,210,22,22,0
src/Symfony/Component/Validator/Mapping/Cache/CacheInterface.php,352,4,4,0
src/Symfony/Component/Validator/Mapping/ClassMetadataFactory.php,358,8,8,0
tests/Symfony/Tests/Bridge/Doctrine/Mapping/Driver/AbstractDriverTest.php,358,24,12,12
tests/Symfony/Tests/Bridge/Twig/Extension/Fixtures/StubFilesystemLoader.php,205,4,4,0
tests/Symfony/Tests/Component/Config/Definition/ArrayNodeTest.php,170,8,8,0
tests/Symfony/Tests/Component/Config/Resource/DirectoryResourceTest.php,310,5,3,2
tests/Symfony/Tests/Component/Console/Command/HelpCommandTest.php,498,2,1,1
tests/Symfony/Tests/Component/CssSelector/CssSelectorTest.php,458,2,1,1
tests/Symfony/Tests/Component/CssSelector/Node/FunctionNodeTest.php,106,2,1,1
tests/Symfony/Tests/Component/DependencyInjection/Compiler/AnalyzeServiceReferencesPassTest.php,78,2,1,1
tests/Symfony/Tests/Component/DependencyInjection/Loader/YamlFileLoaderTest.php,126,27,20,7
tests/Symfony/Tests/Component/Form/Extension/Core/ChoiceList/MonthChoiceListTest.php,735,9,8,1
tests/Symfony/Tests/Component/HttpFoundation/ServerBagTest.php,740,13,12,1
tests/Symfony/Tests/Component/HttpFoundation/SessionStorage/PdoSessionStorageTest.php,395,85,41,44
tests/Symfony/Tests/Component/HttpKernel/EventListener/ExceptionListenerTest.php,493,7,6,1
tests/Symfony/Tests/Component/Locale/Stub/StubIntlTest.php,741,3,2,1
tests/Symfony/Tests/Component/Process/ProcessTestHelper.php,331,5,2,3
tests/Symfony/Tests/Component/Routing/Matcher/Dumper/ApacheMatcherDumperTest.php,504,43,35,8
tests/Symfony/Tests/Component/Validator/Fixtures/ConstraintB.php,504,7,4,3
tests/Symfony/Tests/Component/Yaml/ParserTest.php,496,6,5,1
src/Symfony/Bridge/Doctrine/Logger/DbalLogger.php,624,42,21,21
src/Symfony/Bridge/Monolog/Handler/DebugHandler.php,743,7,5,2
src/Symfony/Bundle/DoctrineBundle/Command/Proxy/DoctrineCommandHelper.php,282,2,1,1
src/Symfony/Bundle/FrameworkBundle/CacheWarmer/TemplateFinderInterface.php,395,6,3,3
src/Symfony/Bundle/FrameworkBundle/Console/Application.php,386,3,2,1
src/Symfony/Bundle/FrameworkBundle/Controller/InternalController.php,194,2,1,1
src/Symfony/Bundle/FrameworkBundle/DependencyInjection/Compiler/CompilerDebugDumpPass.php,163,2,1,1
src/Symfony/Bundle/FrameworkBundle/Resources/views/Form/formwidget.html.php,513,10,8,2
src/Symfony/Bundle/FrameworkBundle/Resources/views/FormTable/formerrors.html.php,749,10,8,2
src/Symfony/Bundle/FrameworkBundle/Resources/views/FormTable/formwidget.html.php,386,15,13,2
src/Symfony/Bundle/FrameworkBundle/Resources/views/FormTable/hiddenrow.html.php,107,23,12,11
src/Symfony/Bundle/FrameworkBundle/Templating/EngineInterface.php,108,3,2,1
src/Symfony/Bundle/FrameworkBundle/Tests/CacheWarmer/TemplateFinderTest.php,181,6,4,2
src/Symfony/Bundle/FrameworkBundle/Tests/Console/ApplicationTest.php,177,8,2,6
src/Symfony/Bundle/FrameworkBundle/Tests/Controller/InternalControllerTest.php,401,14,12,2
src/Symfony/Bundle/FrameworkBundle/Tests/DependencyInjection/ConfigurationTest.php,311,4,3,1
src/Symfony/Bundle/FrameworkBundle/Tests/DependencyInjection/Fixtures/php/full.php,143,43,23,20
src/Symfony/Bundle/SecurityBundle/DependencyInjection/Security/Factory/SecurityFactoryInterface.php,624,4,2,2
src/Symfony/Bundle/TwigBundle/Tests/TwigEngineTest.php,255,2,1,1
src/Symfony/Component/Config/Definition/Builder/ParentNodeDefinitionInterface.php,365,13,11,2
src/Symfony/Component/Config/Definition/ConfigurationInterface.php,498,2,1,1
src/Symfony/Component/Config/Definition/PrototypeNodeInterface.php,624,2,1,1
src/Symfony/Component/Config/FileLocatorInterface.php,631,11,9,2
src/Symfony/Component/Config/Loader/FileLoader.php,634,4,4,0
src/Symfony/Component/Config/Loader/Loader.php,235,2,1,1
src/Symfony/Component/Config/Loader/LoaderInterface.php,173,2,1,1
src/Symfony/Component/Config/Loader/LoaderResolverInterface.php,143,2,1,1
src/Symfony/Component/Config/Resource/ResourceInterface.php,438,2,1,1
src/Symfony/Component/Console/Helper/HelperInterface.php,125,5,4,1
src/Symfony/Component/CssSelector/Node/NodeInterface.php,73,19,18,1
src/Symfony/Component/DependencyInjection/Compiler/RepeatablePassInterface.php,60,5,4,1
src/Symfony/Component/DependencyInjection/Compiler/RepeatedPass.php,158,5,4,1
src/Symfony/Component/DependencyInjection/Compiler/ResolveParameterPlaceHoldersPass.php,120,2,0,2
src/Symfony/Component/DependencyInjection/ContainerAwareInterface.php,476,1,0,1
src/Symfony/Component/DependencyInjection/Extension/ExtensionInterface.php,154,7,3,4
src/Symfony/Component/DependencyInjection/ScopeInterface.php,73,1,1,0
src/Symfony/Component/DependencyInjection/TaggedContainerInterface.php,235,2,1,1
src/Symfony/Component/DomCrawler/Field/InputFormField.php,235,2,1,1
src/Symfony/Component/Form/DataMapperInterface.php,582,4,2,2
src/Symfony/Component/Form/Extension/Core/ChoiceList/ChoiceListInterface.php,566,284,135,149
src/Symfony/Component/Form/Extension/Core/DataTransformer/BaseDateTimeTransformer.php,572,60,38,22
src/Symfony/Component/Form/Extension/Core/EventListener/FixRadioInputListener.php,572,2,1,1
src/Symfony/Component/Form/Extension/Core/EventListener/FixUrlProtocolListener.php,338,2,1,1
src/Symfony/Component/Form/Extension/Core/EventListener/TrimListener.php,67,4,4,0
src/Symfony/Component/Form/FormExtensionInterface.php,786,4,4,0
src/Symfony/Component/Form/FormValidatorInterface.php,66,1,0,1
src/Symfony/Component/HttpFoundation/File/MimeType/ContentTypeMimeTypeGuesser.php,402,2,1,1
src/Symfony/Component/HttpFoundation/File/MimeType/FileBinaryMimeTypeGuesser.php,124,5,4,1
src/Symfony/Component/HttpFoundation/File/MimeType/FileinfoMimeTypeGuesser.php,407,13,10,3
src/Symfony/Component/HttpKernel/Bundle/BundleInterface.php,526,2,1,1
src/Symfony/Component/HttpKernel/Controller/ControllerResolverInterface.php,576,8,4,4
src/Symfony/Component/HttpKernel/DataCollector/RequestDataCollector.php,113,4,2,2
src/Symfony/Component/HttpKernel/Debug/TraceableEventDispatcherInterface.php,196,8,6,2
src/Symfony/Component/HttpKernel/Event/FilterResponseEvent.php,208,19,16,3
src/Symfony/Component/HttpKernel/Event/KernelEvent.php,115,4,3,1
src/Symfony/Component/HttpKernel/Exception/FlattenException.php,133,4,4,0
src/Symfony/Component/HttpKernel/Exception/HttpExceptionInterface.php,101,2,2,0
src/Symfony/Component/HttpKernel/HttpCache/EsiResponseCacheStrategyInterface.php,446,227,21,206
src/Symfony/Component/HttpKernel/KernelInterface.php,792,3,2,1
src/Symfony/Component/HttpKernel/Log/DebugLoggerInterface.php,533,109,60,49
src/Symfony/Component/HttpKernel/Log/LoggerInterface.php,456,13,12,1
src/Symfony/Component/HttpKernel/Profiler/ProfilerStorageInterface.php,792,5,2,3
src/Symfony/Component/Routing/Generator/UrlGeneratorInterface.php,795,4,4,0
src/Symfony/Component/Routing/RequestContextAwareInterface.php,457,5,5,0
src/Symfony/Component/Routing/RouteCompilerInterface.php,753,6,6,0
src/Symfony/Component/Security/Acl/Model/AclCacheInterface.php,57,4,3,1
src/Symfony/Component/Security/Acl/Model/AclInterface.php,101,2,1,1
src/Symfony/Component/Security/Acl/Model/AuditableEntryInterface.php,213,9,8,1
src/Symfony/Component/Security/Acl/Model/DomainObjectInterface.php,641,29,14,15
src/Symfony/Component/Security/Acl/Model/EntryInterface.php,94,1,1,0
src/Symfony/Component/Security/Acl/Model/FieldEntryInterface.php,641,4,2,2
src/Symfony/Component/Security/Acl/Model/ObjectIdentityInterface.php,273,2,1,1
src/Symfony/Component/Security/Acl/Model/ObjectIdentityRetrievalStrategyInterface.php,274,2,1,1
src/Symfony/Component/Security/Acl/Model/PermissionGrantingStrategyInterface.php,533,2,1,1
src/Symfony/Component/Security/Acl/Model/SecurityIdentityInterface.php,184,2,1,1
src/Symfony/Component/Security/Acl/Model/SecurityIdentityRetrievalStrategyInterface.php,239,2,1,1
src/Symfony/Component/Security/Acl/Permission/PermissionMapInterface.php,124,2,1,1
src/Symfony/Component/Security/Acl/Resources/bin/generateSql.php,77,4,2,2
src/Symfony/Component/Security/Core/Authentication/AuthenticationManagerInterface.php,278,5,5,0
src/Symfony/Component/Security/Core/Authentication/AuthenticationTrustResolverInterface.php,436,2,1,1
src/Symfony/Component/Security/Core/Authentication/RememberMe/PersistentTokenInterface.php,455,49,23,26
src/Symfony/Component/Security/Core/Authorization/AccessDecisionManagerInterface.php,582,4,2,2
src/Symfony/Component/Security/Core/Encoder/PasswordEncoderInterface.php,566,284,135,149
src/Symfony/Component/Security/Core/Role/RoleHierarchyInterface.php,572,60,38,22
src/Symfony/Component/Security/Core/Role/RoleInterface.php,572,2,1,1
src/Symfony/Component/Security/Http/Authentication/AuthenticationFailureHandlerInterface.php,338,2,1,1
src/Symfony/Component/Security/Http/Authentication/AuthenticationSuccessHandlerInterface.php,67,4,4,0
src/Symfony/Component/Security/Http/EntryPoint/AuthenticationEntryPointInterface.php,786,4,4,0
src/Symfony/Component/Security/Http/Session/SessionAuthenticationStrategyInterface.php,66,1,0,1
src/Symfony/Component/Serializer/SerializerAwareInterface.php,402,2,1,1
src/Symfony/Component/Templating/Asset/PackageInterface.php,124,5,4,1
src/Symfony/Component/Templating/DebuggerInterface.php,407,13,10,3
src/Symfony/Component/Templating/EngineInterface.php,526,2,1,1
src/Symfony/Component/Templating/Helper/HelperInterface.php,576,8,4,4
src/Symfony/Component/Templating/TemplateNameParserInterface.php,113,4,2,2
src/Symfony/Component/Translation/TranslatorInterface.php,196,8,6,2
src/Symfony/Component/Validator/ConstraintValidatorInterface.php,208,19,16,3
src/Symfony/Component/Validator/Constraints/Ip.php,115,4,3,1
src/Symfony/Component/Validator/Mapping/ClassMetadataFactoryInterface.php,133,4,4,0
src/Symfony/Component/Validator/Mapping/Loader/LoaderInterface.php,101,2,2,0
src/Symfony/Component/Validator/Mapping/Loader/StaticMethodLoader.php,446,227,21,206
src/Symfony/Component/Validator/ObjectInitializerInterface.php,792,3,2,1
src/Symfony/Component/Validator/ValidatorContextInterface.php,533,109,60,49
src/Symfony/Component/Yaml/Escaper.php,456,13,12,1
tests/Symfony/Tests/Bridge/Doctrine/Logger/DbalLoggerTest.php,792,5,2,3
tests/Symfony/Tests/Bridge/Twig/Extension/FormExtensionDivLayoutTest.php,795,4,4,0
tests/Symfony/Tests/Bridge/Twig/Extension/FormExtensionTableLayoutTest.php,457,5,5,0
tests/Symfony/Tests/Component/Config/Definition/BooleanNodeTest.php,753,6,6,0
tests/Symfony/Tests/Component/Config/Loader/LoaderTest.php,57,4,3,1
tests/Symfony/Tests/Component/Console/Input/InputArgumentTest.php,101,2,1,1
tests/Symfony/Tests/Component/Console/Input/InputOptionTest.php,213,9,8,1
tests/Symfony/Tests/Component/DependencyInjection/CrossCheckTest.php,641,29,14,15
tests/Symfony/Tests/Component/DependencyInjection/Dumper/GraphvizDumperTest.php,94,1,1,0
tests/Symfony/Tests/Component/DependencyInjection/Dumper/XmlDumperTest.php,641,4,2,2
tests/Symfony/Tests/Component/DependencyInjection/Dumper/YamlDumperTest.php,273,2,1,1
tests/Symfony/Tests/Component/DependencyInjection/Fixtures/includes/classes.php,274,2,1,1
tests/Symfony/Tests/Component/DependencyInjection/Fixtures/php/services11.php,533,2,1,1
tests/Symfony/Tests/Component/DependencyInjection/Loader/IniFileLoaderTest.php,184,2,1,1
tests/Symfony/Tests/Component/Finder/Iterator/RealIteratorTestCase.php,239,2,1,1
tests/Symfony/Tests/Component/HttpFoundation/RequestMatcherTest.php,124,2,1,1
tests/Symfony/Tests/Component/HttpKernel/DataCollector/EventDataCollectorTest.php,77,4,2,2
tests/Symfony/Tests/Component/Routing/Annotation/RouteTest.php,278,5,5,0
tests/Symfony/Tests/Component/Routing/Matcher/ApacheUrlMatcherTest.php,436,2,1,1
tests/Symfony/Tests/Component/Security/Http/Firewall/ContextListenerTest.php,455,49,23,26
tests/Symfony/Tests/Component/Security/Http/Firewall/DigestDataTest.php,533,9,8,1
tests/Symfony/Tests/Component/Templating/Loader/FilesystemLoaderTest.php,467,14,13,1
tests/Symfony/Tests/Component/Validator/Mapping/GetterMetadataTest.php,467,14,13,1
tests/Symfony/Tests/Component/Validator/Mapping/Loader/LoaderChainTest.php,467,2,1,1
tests/Symfony/Tests/Component/Validator/Mapping/Loader/StaticMethodLoaderTest.php,467,2,1,1
tests/Symfony/Tests/Component/Validator/Mapping/Loader/XmlFileLoaderTest.php,930,4,3,1
tests/Symfony/Tests/Component/Validator/Mapping/Loader/YamlFileLoaderTest.php,421,7,6,1
tests/Symfony/Tests/Component/Validator/Mapping/PropertyMetadataTest.php,878,2,1,1
baseNarjes-Bessghaiers-MacBooksymfonyNarjesBessghaiergitdiff--name-only792e602cce27b4a56477c5bc4506aa353ef9402a..173711a462b2d5ceb15b7bfb739ce3901ac32f15.php,1169,2,1,1
src/Symfony/Bridge/Doctrine/Annotations/IndexedReader.php,2357,60,8,52
src/Symfony/Bridge/Doctrine/ContainerAwareEventManager.php,229,2,1,1
src/Symfony/Bridge/Doctrine/DataFixtures/ContainerAwareLoader.php,245,2,1,1
src/Symfony/Bridge/Doctrine/DependencyInjection/AbstractDoctrineExtension.php,3363,18,10,8
src/Symfony/Bridge/Doctrine/DependencyInjection/CompilerPass/DoctrineValidationPass.php,230,3,2,1
src/Symfony/Bridge/Doctrine/DependencyInjection/CompilerPass/RegisterEventListenersAndSubscribersPass.php,314,2,1,1
src/Symfony/Bridge/Doctrine/DependencyInjection/Security/UserProvider/EntityFactory.php,314,2,1,1
src/Symfony/Bridge/Doctrine/Form/ChoiceList/EntityLoaderInterface.php,1169,2,0,2
src/Symfony/Bridge/Doctrine/Form/ChoiceList/ORMQueryBuilderLoader.php,2487,5,2,3
src/Symfony/Bridge/Doctrine/Form/DataTransformer/CollectionToArrayTransformer.php,447,2,1,1
src/Symfony/Bridge/Doctrine/Form/DoctrineOrmExtension.php,1146,4,2,2
src/Symfony/Bridge/Doctrine/Form/EventListener/MergeDoctrineCollectionListener.php,365,3,2,1
src/Symfony/Bridge/Doctrine/Form/Type/DoctrineType.php,229,3,1,2
src/Symfony/Bridge/Doctrine/HttpFoundation/DbalSessionHandler.php,230,5,4,1
src/Symfony/Bridge/Doctrine/HttpFoundation/DbalSessionHandlerSchema.php,1146,3,2,1
src/Symfony/Bridge/Doctrine/ManagerRegistry.php,312,3,2,1
src/Symfony/Bridge/Doctrine/Mapping/Driver/XmlDriver.php,1148,2,1,1
src/Symfony/Bridge/Doctrine/Mapping/Driver/YamlDriver.php,2486,13,7,6
src/Symfony/Bridge/Doctrine/Tests/ContainerAwareEventManagerTest.php,373,2,1,1
src/Symfony/Bridge/Doctrine/Tests/DataCollector/DoctrineDataCollectorTest.php,2357,2,1,1
src/Symfony/Bridge/Doctrine/Tests/DataFixtures/ContainerAwareLoaderTest.php,1150,7,4,3
src/Symfony/Bridge/Doctrine/Tests/DependencyInjection/CompilerPass/RegisterEventListenersAndSubscribersPassTest.php,36,2,1,1
src/Symfony/Bridge/Doctrine/Tests/DoctrineOrmTestCase.php,36,2,1,1
src/Symfony/Bridge/Doctrine/Tests/Fixtures/AssociationEntity.php,2486,2,1,1
src/Symfony/Bridge/Doctrine/Tests/Fixtures/CompositeIdentEntity.php,1151,1,1,0
src/Symfony/Bridge/Doctrine/Tests/Fixtures/CompositeStringIdentEntity.php,2486,2,1,1
src/Symfony/Bridge/Doctrine/Tests/Fixtures/ContainerAwareFixture.php,1153,6,4,2
src/Symfony/Bridge/Doctrine/Tests/Fixtures/DoubleIdentEntity.php,2513,2,1,1
src/Symfony/Bridge/Doctrine/Tests/Fixtures/ItemGroupEntity.php,1149,23,18,5
src/Symfony/Bridge/Doctrine/Tests/Fixtures/NoToStringSingleIdentEntity.php,1152,26,11,15
src/Symfony/Bridge/Doctrine/Tests/Fixtures/SingleIdentEntity.php,1156,7,7,0
src/Symfony/Bridge/Doctrine/Tests/Fixtures/SingleStringIdentEntity.php,1149,13,4,9
src/Symfony/Bridge/Doctrine/Tests/Form/ChoiceList/EntityChoiceListTest.php,1156,4,2,2
src/Symfony/Bridge/Doctrine/Tests/Form/Type/EntityTypePerformanceTest.php,25150,39,26,13
src/Symfony/Bridge/Doctrine/Tests/Form/Type/EntityTypeTest.php,1753,1,1,0
src/Symfony/Bridge/Doctrine/Tests/HttpFoundation/DbalSessionHandlerTest.php,657,39,25,14
src/Symfony/Bridge/Doctrine/Tests/Logger/DbalLoggerTest.php,1149,2,1,1
src/Symfony/Bridge/Doctrine/Tests/Security/User/EntityUserProviderTest.php,943,20,20,0
src/Symfony/Bridge/Doctrine/Tests/Validator/Constraints/UniqueValidatorTest.php,1964,12,12,0
src/Symfony/Bridge/Doctrine/Tests/bootstrap.php,1162,14,14,0
src/Symfony/Bridge/Doctrine/Validator/DoctrineInitializer.php,218,44,30,14
src/Symfony/Bridge/Doctrine/Validator/EntityInitializer.php,218,6,3,3
src/Symfony/Bridge/Monolog/Handler/ChromePhpHandler.php,283,12,7,5
src/Symfony/Bridge/Monolog/Tests/Processor/WebProcessorTest.php,283,4,2,2
src/Symfony/Bridge/Monolog/Tests/bootstrap.php,1170,6,3,3
src/Symfony/Bridge/Propel1/DataCollector/PropelDataCollector.php,1189,2,1,1
src/Symfony/Bridge/Propel1/DependencyInjection/Security/UserProvider/PropelFactory.php,1965,3,2,1
src/Symfony/Bridge/Propel1/Form/ChoiceList/ModelChoiceList.php,2486,2,1,1
src/Symfony/Bridge/Propel1/Form/DataTransformer/CollectionToArrayTransformer.php,1748,28,9,19
src/Symfony/Bridge/Propel1/Form/PropelExtension.php,665,16,16,0
src/Symfony/Bridge/Propel1/Form/PropelTypeGuesser.php,2490,19,12,7
src/Symfony/Bridge/Propel1/Form/Type/ModelType.php,497,7,5,2
src/Symfony/Bridge/Propel1/Logger/PropelLogger.php,886,4,2,2
src/Symfony/Bridge/Propel1/Security/User/PropelUserProvider.php,1180,4,2,2
src/Symfony/Bridge/Propel1/Tests/DataCollector/PropelDataCollectorTest.php,375,4,3,1
src/Symfony/Bridge/Propel1/Tests/Fixtures/Column.php,1190,12,12,0
src/Symfony/Bridge/Propel1/Tests/Fixtures/Item.php,2490,7,4,3
src/Symfony/Bridge/Propel1/Tests/Fixtures/ItemQuery.php,375,12,5,7
src/Symfony/Bridge/Propel1/Tests/Fixtures/ReadOnlyItem.php,474,23,16,7
src/Symfony/Bridge/Propel1/Tests/Fixtures/ReadOnlyItemQuery.php,474,23,16,7
src/Symfony/Bridge/Propel1/Tests/Form/ChoiceList/ModelChoiceListTest.php,1200,35,22,13
src/Symfony/Bridge/Propel1/Tests/Form/DataTransformer/CollectionToArrayTransformerTest.php,1116,12,10,2
src/Symfony/Bridge/Propel1/Tests/Form/PropelTypeGuesserTest.php,2498,16,12,4
src/Symfony/Bridge/Propel1/Tests/Propel1TestCase.php,943,4,2,2
src/Symfony/Bridge/Propel1/Tests/bootstrap.php,1116,12,6,6
src/Symfony/Bridge/Twig/Extension/SecurityExtension.php,1116,2,1,1
src/Symfony/Bridge/Twig/Extension/TranslationExtension.php,426,33,3,30
src/Symfony/Bridge/Twig/Form/TwigRenderer.php,760,3,3,0
src/Symfony/Bridge/Twig/Form/TwigRendererEngine.php,328,6,2,4
src/Symfony/Bridge/Twig/Form/TwigRendererEngineInterface.php,2500,8,5,3
src/Symfony/Bridge/Twig/Form/TwigRendererInterface.php,761,1,1,0
src/Symfony/Bridge/Twig/Node/SearchAndRenderBlockNode.php,233,3,3,0
src/Symfony/Bridge/Twig/Node/TransDefaultDomainNode.php,1725,2,1,1
src/Symfony/Bridge/Twig/NodeVisitor/TranslationDefaultDomainNodeVisitor.php,142,2,1,1
src/Symfony/Bridge/Twig/NodeVisitor/TranslationNodeVisitor.php,1725,6,3,3
src/Symfony/Bridge/Twig/Tests/Extension/Fixtures/StubFilesystemLoader.php,3377,48,33,15
src/Symfony/Bridge/Twig/Tests/Extension/Fixtures/StubTranslator.php,1202,2,1,1
src/Symfony/Bridge/Twig/Tests/Extension/FormExtensionDivLayoutTest.php,3361,6,3,3
src/Symfony/Bridge/Twig/Tests/Extension/FormExtensionTableLayoutTest.php,384,2,1,1
src/Symfony/Bridge/Twig/Tests/Extension/TranslationExtensionTest.php,1205,5,4,1
src/Symfony/Bridge/Twig/Tests/Node/FormThemeTest.php,762,1,1,0
src/Symfony/Bridge/Twig/Tests/Node/SearchAndRenderBlockNodeTest.php,1182,7,4,3
src/Symfony/Bridge/Twig/Tests/TestCase.php,367,4,0,4
src/Symfony/Bridge/Twig/Tests/TokenParser/FormThemeTokenParserTest.php,2495,8,1,7
src/Symfony/Bridge/Twig/Tests/Translation/TwigExtractorTest.php,385,12,6,6
src/Symfony/Bridge/Twig/Tests/bootstrap.php,1196,5,5,0
src/Symfony/Bridge/Twig/TokenParser/TransDefaultDomainTokenParser.php,390,5,5,0
src/Symfony/Bridge/Twig/Translation/TwigExtractor.php,416,6,6,0
src/Symfony/Bridge/Twig/TwigEngine.php,1116,3,1,2
src/Symfony/Bundle/DoctrineBundle/Command/DoctrineCommand.php,416,2,1,1
src/Symfony/Bundle/DoctrineBundle/ConnectionFactory.php,542,26,24,2
src/Symfony/Bundle/DoctrineBundle/DependencyInjection/Configuration.php,542,26,24,2
src/Symfony/Bundle/DoctrineBundle/Tests/Command/InfoDoctrineCommandTest.php,60,12,7,5
src/Symfony/Bundle/DoctrineBundle/Tests/ContainerTest.php,764,5,2,3
src/Symfony/Bundle/DoctrineBundle/Tests/DependencyInjection/Fixtures/Bundles/AnnotationsBundle/AnnotationsBundle.php,54,18,13,5
src/Symfony/Bundle/DoctrineBundle/Tests/DependencyInjection/Fixtures/Bundles/AnnotationsBundle/Entity/Test.php,386,2,2,0
src/Symfony/Bundle/DoctrineBundle/Tests/DependencyInjection/Fixtures/Bundles/Vendor/AnnotationsBundle/AnnotationsBundle.php,251,4,2,2
src/Symfony/Bundle/DoctrineBundle/Tests/DependencyInjection/Fixtures/Bundles/Vendor/AnnotationsBundle/Entity/Test.php,895,3,2,1
src/Symfony/Bundle/DoctrineBundle/Tests/DependencyInjection/Fixtures/Bundles/XmlBundle/Entity/Test.php,1757,16,8,8
src/Symfony/Bundle/DoctrineBundle/Tests/DependencyInjection/Fixtures/Bundles/XmlBundle/XmlBundle.php,853,18,12,6
src/Symfony/Bundle/DoctrineBundle/Tests/DependencyInjection/Fixtures/Bundles/YamlBundle/Entity/Test.php,449,3,1,2
src/Symfony/Bundle/DoctrineBundle/Tests/DependencyInjection/Fixtures/Bundles/YamlBundle/YamlBundle.php,1205,2,1,1
src/Symfony/Bundle/DoctrineBundle/Tests/DependencyInjection/TestStringFunction.php,44,15,13,2
src/Symfony/Bundle/DoctrineBundle/Tests/DependencyInjection/TestType.php,44,6,3,3
src/Symfony/Bundle/DoctrineBundle/Tests/DependencyInjection/XmlDoctrineExtensionTest.php,1535,2,1,1
src/Symfony/Bundle/DoctrineBundle/Tests/DependencyInjection/YamlDoctrineExtensionTest.php,1493,16,8,8
src/Symfony/Bundle/FrameworkBundle/CacheWarmer/RouterCacheWarmer.php,381,8,0,8
src/Symfony/Bundle/FrameworkBundle/Command/CacheWarmupCommand.php,468,8,0,8
src/Symfony/Bundle/FrameworkBundle/Command/ConfigDumpReferenceCommand.php,468,8,0,8
src/Symfony/Bundle/FrameworkBundle/Command/RouterApacheDumperCommand.php,2513,2,1,1
src/Symfony/Bundle/FrameworkBundle/Command/RouterMatchCommand.php,2513,8,4,4
src/Symfony/Bundle/FrameworkBundle/Command/ServerRunCommand.php,2493,6,1,5
src/Symfony/Bundle/FrameworkBundle/Command/TranslationUpdateCommand.php,1185,2,1,1
src/Symfony/Bundle/FrameworkBundle/Controller/TraceableControllerResolver.php,367,2,1,1
src/Symfony/Bundle/FrameworkBundle/DataCollector/RequestDataCollector.php,367,2,1,1
src/Symfony/Bundle/FrameworkBundle/DataCollector/RouterDataCollector.php,371,6,5,1
src/Symfony/Bundle/FrameworkBundle/DataCollector/TimerDataCollector.php,766,2,2,0
src/Symfony/Bundle/FrameworkBundle/DependencyInjection/Compiler/AddCacheClearerPass.php,942,9,5,4
src/Symfony/Bundle/FrameworkBundle/DependencyInjection/Compiler/FormPass.php,259,12,10,2
src/Symfony/Bundle/FrameworkBundle/DependencyInjection/Compiler/TranslationDumperPass.php,449,60,30,30
src/Symfony/Bundle/FrameworkBundle/DependencyInjection/Compiler/TranslationExtractorPass.php,1189,6,5,1
src/Symfony/Bundle/FrameworkBundle/DependencyInjection/Compiler/TranslatorPass.php,105,2,1,1
src/Symfony/Bundle/FrameworkBundle/EventListener/SessionListener.php,1992,5,2,3
src/Symfony/Bundle/FrameworkBundle/Resources/config/router.php,1992,4,2,2
src/Symfony/Bundle/FrameworkBundle/Resources/views/Form/checkboxwidget.html.php,2493,2,1,1
src/Symfony/Bundle/FrameworkBundle/Resources/views/Form/choiceoptions.html.php,766,2,1,1
src/Symfony/Bundle/FrameworkBundle/Resources/views/Form/choicewidgetcollapsed.html.php,410,2,1,1
src/Symfony/Bundle/FrameworkBundle/Resources/views/Form/choicewidgetexpanded.html.php,189,1,0,1
src/Symfony/Bundle/FrameworkBundle/Resources/views/Form/choicewidgetoptions.html.php,401,3,3,0
src/Symfony/Bundle/FrameworkBundle/Resources/views/Form/datewidget.html.php,709,10,2,8
src/Symfony/Bundle/FrameworkBundle/Resources/views/Form/emailwidget.html.php,452,5,3,2
src/Symfony/Bundle/FrameworkBundle/Resources/views/Form/fieldenctype.html.php,715,3,2,1
src/Symfony/Bundle/FrameworkBundle/Resources/views/Form/fielderrors.html.php,2515,4,2,2
src/Symfony/Bundle/FrameworkBundle/Resources/views/Form/fieldrest.html.php,2074,10,5,5
src/Symfony/Bundle/FrameworkBundle/Resources/views/Form/fieldrow.html.php,3370,16,10,6
src/Symfony/Bundle/FrameworkBundle/Resources/views/Form/fieldrows.html.php,167,6,5,1
src/Symfony/Bundle/FrameworkBundle/Resources/views/Form/formenctype.html.php,387,25,21,4
src/Symfony/Bundle/FrameworkBundle/Resources/views/Form/formerrors.html.php,2521,66,45,21
src/Symfony/Bundle/FrameworkBundle/Resources/views/Form/formrest.html.php,903,12,10,2
src/Symfony/Bundle/FrameworkBundle/Resources/views/Form/formrow.html.php,1140,36,30,6
src/Symfony/Bundle/FrameworkBundle/Resources/views/Form/formrows.html.php,1741,12,10,2
src/Symfony/Bundle/FrameworkBundle/Resources/views/Form/formwidgetcompound.html.php,3403,60,37,23
src/Symfony/Bundle/FrameworkBundle/Resources/views/Form/formwidgetsimple.html.php,2074,2,1,1
src/Symfony/Bundle/FrameworkBundle/Resources/views/Form/hiddenwidget.html.php,535,12,6,6
src/Symfony/Bundle/FrameworkBundle/Resources/views/Form/integerwidget.html.php,259,2,1,1
src/Symfony/Bundle/FrameworkBundle/Resources/views/Form/moneywidget.html.php,139,5,3,2
src/Symfony/Bundle/FrameworkBundle/Resources/views/Form/numberwidget.html.php,138,1,0,1
src/Symfony/Bundle/FrameworkBundle/Resources/views/Form/passwordwidget.html.php,677,11,9,2
src/Symfony/Bundle/FrameworkBundle/Resources/views/Form/percentwidget.html.php,773,3,2,1
src/Symfony/Bundle/FrameworkBundle/Resources/views/Form/radiowidget.html.php,780,198,112,86
src/Symfony/Bundle/FrameworkBundle/Resources/views/Form/repeatedrow.html.php,780,8,4,4
src/Symfony/Bundle/FrameworkBundle/Resources/views/Form/searchwidget.html.php,517,2,1,1
src/Symfony/Bundle/FrameworkBundle/Resources/views/Form/textareawidget.html.php,260,3,3,0
src/Symfony/Bundle/FrameworkBundle/Resources/views/Form/timewidget.html.php,234,5,1,4
src/Symfony/Bundle/FrameworkBundle/Resources/views/Form/urlwidget.html.php,884,2,1,1
src/Symfony/Bundle/FrameworkBundle/Resources/views/Form/widgetattributes.html.php,1012,50,25,25
src/Symfony/Bundle/FrameworkBundle/Resources/views/Form/widgetcontainerattributes.html.php,453,24,4,20
src/Symfony/Bundle/FrameworkBundle/Resources/views/FormTable/fieldrow.html.php,451,8,3,5
src/Symfony/Bundle/FrameworkBundle/Resources/views/FormTable/formrow.html.php,3364,18,8,10
src/Symfony/Bundle/FrameworkBundle/Resources/views/FormTable/formwidgetcompound.html.php,3409,6,3,3
src/Symfony/Bundle/FrameworkBundle/Routing/DelegatingLoader.php,989,2,1,1
src/Symfony/Bundle/FrameworkBundle/Templating/DelegatingEngine.php,214,16,8,8
src/Symfony/Bundle/FrameworkBundle/Templating/GlobalVariables.php,224,8,3,5
src/Symfony/Bundle/FrameworkBundle/Templating/Helper/RequestHelper.php,224,6,3,3
src/Symfony/Bundle/FrameworkBundle/Templating/Helper/SessionHelper.php,1160,105,59,46
src/Symfony/Bundle/FrameworkBundle/Templating/TemplateFilenameParser.php,1140,2,1,1
src/Symfony/Bundle/FrameworkBundle/Tests/Controller/ControllerNameParserTest.php,986,2,1,1
src/Symfony/Bundle/FrameworkBundle/Tests/DependencyInjection/Compiler/ProfilerPassTest.php,988,5,2,3
src/Symfony/Bundle/FrameworkBundle/Tests/DependencyInjection/Compiler/RegisterKernelListenersPassTest.php,332,1,1,0
src/Symfony/Bundle/FrameworkBundle/Tests/DependencyInjection/Compiler/TranslatorPassTest.php,402,1,0,1
src/Symfony/Bundle/FrameworkBundle/Tests/DependencyInjection/Fixtures/TestBundle/TestBundle.php,504,55,55,0
src/Symfony/Bundle/FrameworkBundle/Tests/DependencyInjection/Fixtures/php/deprecatedmergefull.php,1146,5,5,0
src/Symfony/Bundle/FrameworkBundle/Tests/DependencyInjection/Fixtures/php/deprecatedmergepartial.php,227,4,3,1
src/Symfony/Bundle/FrameworkBundle/Tests/EventListener/TestSessionListenerTest.php,1514,2,1,1
src/Symfony/Bundle/FrameworkBundle/Tests/Fixtures/BaseBundle/BaseBundle.php,229,3,2,1
src/Symfony/Bundle/FrameworkBundle/Tests/Fixtures/Resources/views/translation.html.php,1178,2,1,1
src/Symfony/Bundle/FrameworkBundle/Tests/Fixtures/TestBundle/Fabpot/FooBundle/Controller/DefaultController.php,2083,4,2,2
src/Symfony/Bundle/FrameworkBundle/Tests/Fixtures/TestBundle/Fabpot/FooBundle/FabpotFooBundle.php,407,3,2,1
src/Symfony/Bundle/FrameworkBundle/Tests/Fixtures/TestBundle/FooBundle/Controller/DefaultController.php,330,4,2,2
src/Symfony/Bundle/FrameworkBundle/Tests/Fixtures/TestBundle/FooBundle/Controller/Sub/DefaultController.php,1205,1,1,0
src/Symfony/Bundle/FrameworkBundle/Tests/Fixtures/TestBundle/FooBundle/Controller/Test/DefaultController.php,105,1,1,0
src/Symfony/Bundle/FrameworkBundle/Tests/Fixtures/TestBundle/FooBundle/FooBundle.php,248,4,4,0
src/Symfony/Bundle/FrameworkBundle/Tests/Fixtures/TestBundle/Sensio/Cms/FooBundle/Controller/DefaultController.php,317,4,4,0
src/Symfony/Bundle/FrameworkBundle/Tests/Fixtures/TestBundle/Sensio/Cms/FooBundle/SensioCmsFooBundle.php,1347,10,7,3
src/Symfony/Bundle/FrameworkBundle/Tests/Fixtures/TestBundle/Sensio/FooBundle/Controller/DefaultController.php,1349,15,8,7
src/Symfony/Bundle/FrameworkBundle/Tests/Fixtures/TestBundle/Sensio/FooBundle/SensioFooBundle.php,1350,11,6,5
src/Symfony/Bundle/FrameworkBundle/Tests/Routing/RouterTest.php,1146,6,3,3
src/Symfony/Bundle/FrameworkBundle/Tests/Templating/Helper/RequestHelperTest.php,1012,2,1,1
src/Symfony/Bundle/FrameworkBundle/Tests/Templating/Helper/Resources/Child/fieldlabel.html.php,1350,10,5,5
src/Symfony/Bundle/FrameworkBundle/Tests/Templating/Helper/Resources/Child/formlabel.html.php,3393,4,2,2
src/Symfony/Bundle/FrameworkBundle/Tests/Templating/Helper/Resources/Custom/nameentrylabel.html.php,767,1,1,0
src/Symfony/Bundle/FrameworkBundle/Tests/Templating/Helper/Resources/Parent/fieldwidget.html.php,1424,70,41,29
src/Symfony/Bundle/FrameworkBundle/Tests/Templating/Helper/Resources/Parent/formlabel.html.php,1355,29,17,12
src/Symfony/Bundle/FrameworkBundle/Tests/Templating/Helper/Resources/Parent/formwidgetsimple.html.php,123,5,3,2
src/Symfony/Bundle/FrameworkBundle/Tests/Templating/Helper/SessionHelperTest.php,730,4,2,2
src/Symfony/Bundle/FrameworkBundle/Tests/Templating/PhpEngineTest.php,730,8,4,4
src/Symfony/Bundle/FrameworkBundle/Tests/Templating/TemplateFilenameParserTest.php,1370,27,23,4
src/Symfony/Bundle/FrameworkBundle/Tests/Templating/TemplateNameParserTest.php,108,26,2,24
src/Symfony/Bundle/FrameworkBundle/Tests/Translation/PhpExtractorTest.php,14,1,1,0
src/Symfony/Bundle/FrameworkBundle/Translation/PhpExtractor.php,1029,2,1,1
src/Symfony/Bundle/FrameworkBundle/Translation/TranslationLoader.php,447,2,1,1
src/Symfony/Bundle/MonologBundle/DependencyInjection/Compiler/DebugHandlerPass.php,1146,2,1,1
src/Symfony/Bundle/MonologBundle/DependencyInjection/Compiler/LoggerChannelPass.php,1370,2,1,1
src/Symfony/Bundle/MonologBundle/MonologBundle.php,44,7,7,0
src/Symfony/Bundle/MonologBundle/Tests/DependencyInjection/Compiler/LoggerChannelPassTest.php,1370,2,1,1
src/Symfony/Bundle/MonologBundle/Tests/TestCase.php,945,8,8,0
src/Symfony/Bundle/SecurityBundle/DependencyInjection/Security/UserProvider/InMemoryFactory.php,736,6,6,0
src/Symfony/Bundle/SecurityBundle/DependencyInjection/Security/UserProvider/UserProviderFactoryInterface.php,730,2,1,1
src/Symfony/Bundle/SecurityBundle/EventListener/AclSchemaListener.php,1522,6,4,2
src/Symfony/Bundle/SecurityBundle/EventListener/ResponseListener.php,768,2,1,1
src/Symfony/Bundle/SecurityBundle/Security/FirewallContext.php,1515,3,2,1
src/Symfony/Bundle/SecurityBundle/Security/FirewallMap.php,418,3,2,1
src/Symfony/Bundle/SecurityBundle/SecurityBundle.php,2718,10,6,4
src/Symfony/Bundle/SecurityBundle/Templating/Helper/LogoutUrlHelper.php,448,3,2,1
src/Symfony/Bundle/SecurityBundle/Tests/DependencyInjection/ConfigurationTest.php,236,6,4,2
src/Symfony/Bundle/SecurityBundle/Tests/DependencyInjection/Security/Factory/AbstractFactoryTest.php,333,4,2,2
src/Symfony/Bundle/SecurityBundle/Tests/Functional/AuthenticationCommencingTest.php,1784,2,1,1
src/Symfony/Bundle/SecurityBundle/Tests/Functional/Bundle/CsrfFormLoginBundle/Controller/LoginController.php,2710,2,1,1
src/Symfony/Bundle/SecurityBundle/Tests/Functional/Bundle/CsrfFormLoginBundle/CsrfFormLoginBundle.php,2680,9,0,9
src/Symfony/Bundle/SecurityBundle/Tests/Functional/Bundle/CsrfFormLoginBundle/Form/UserLoginFormType.php,2678,2,1,1
src/Symfony/Bundle/SecurityBundle/Tests/Functional/Bundle/FormLoginBundle/Controller/LocalizedController.php,3337,2,1,1
src/Symfony/Bundle/SecurityBundle/Tests/Functional/Bundle/FormLoginBundle/Controller/LoginController.php,445,7,2,5
src/Symfony/Bundle/SecurityBundle/Tests/Functional/Bundle/FormLoginBundle/DependencyInjection/FormLoginExtension.php,771,4,2,2
src/Symfony/Bundle/SecurityBundle/Tests/Functional/Bundle/FormLoginBundle/FormLoginBundle.php,63,9,6,3
src/Symfony/Bundle/SecurityBundle/Tests/Functional/Bundle/FormLoginBundle/Security/LocalizedFormFailureHandler.php,17,1,1,0
src/Symfony/Bundle/SecurityBundle/Tests/Functional/CsrfFormLoginTest.php,11,1,1,0
src/Symfony/Bundle/SecurityBundle/Tests/Functional/FormLoginTest.php,19,1,1,0
src/Symfony/Bundle/SecurityBundle/Tests/Functional/LocalizedRoutesAsPathTest.php,47,1,1,0
src/Symfony/Bundle/SecurityBundle/Tests/Functional/SwitchUserTest.php,35,1,1,0
src/Symfony/Bundle/SecurityBundle/Tests/Functional/app/CsrfFormLogin/bundles.php,1207,8,4,4
src/Symfony/Bundle/SecurityBundle/Twig/Extension/LogoutUrlExtension.php,1118,45,27,18
src/Symfony/Bundle/SecurityBundle/Twig/Extension/SecurityExtension.php,242,4,2,2
src/Symfony/Bundle/SwiftmailerBundle/DataCollector/MessageDataCollector.php,413,11,7,4
src/Symfony/Bundle/SwiftmailerBundle/DependencyInjection/Compiler/RegisterPluginsPass.php,496,3,3,0
src/Symfony/Bundle/SwiftmailerBundle/SwiftmailerBundle.php,408,3,2,1
src/Symfony/Bundle/SwiftmailerBundle/Tests/DependencyInjection/SwiftmailerExtensionTest.php,1231,40,37,3
src/Symfony/Bundle/SwiftmailerBundle/Tests/TestCase.php,357,2,1,1
src/Symfony/Bundle/TwigBundle/Command/LintCommand.php,111,14,7,7
src/Symfony/Bundle/TwigBundle/Debug/TimedTwigEngine.php,765,5,0,5
src/Symfony/Bundle/WebProfilerBundle/Controller/RouterController.php,21,10,7,3
src/Symfony/Bundle/WebProfilerBundle/DependencyInjection/Configuration.php,11,2,1,1
src/Symfony/Bundle/WebProfilerBundle/DependencyInjection/WebProfilerExtension.php,23,10,7,3
src/Symfony/Bundle/WebProfilerBundle/Profiler/TemplateManager.php,3370,4,2,2
src/Symfony/Bundle/WebProfilerBundle/Tests/DependencyInjection/ConfigurationTest.php,3337,8,4,4
src/Symfony/Bundle/WebProfilerBundle/Tests/EventListener/WebDebugToolbarListenerTest.php,20243,82,42,40
src/Symfony/Bundle/WebProfilerBundle/Tests/Profiler/TemplateManagerTest.php,766,1,1,0
src/Symfony/Component/BrowserKit/Tests/ClientTest.php,1209,8,7,1
src/Symfony/Component/BrowserKit/Tests/CookieJarTest.php,768,9,8,1
src/Symfony/Component/BrowserKit/Tests/CookieTest.php,772,9,8,1
src/Symfony/Component/BrowserKit/Tests/HistoryTest.php,143,2,1,1
src/Symfony/Component/BrowserKit/Tests/RequestTest.php,143,6,3,3
src/Symfony/Component/BrowserKit/Tests/ResponseTest.php,1371,2,1,1
src/Symfony/Component/BrowserKit/Tests/bootstrap.php,768,2,1,1
src/Symfony/Component/ClassLoader/ApcClassLoader.php,772,2,1,1
src/Symfony/Component/ClassLoader/ClassLoader.php,357,4,2,2
src/Symfony/Component/ClassLoader/ClassMapGenerator.php,357,48,24,24
src/Symfony/Component/ClassLoader/DebugClassLoader.php,357,6,3,3
src/Symfony/Component/ClassLoader/Tests/ApcUniversalClassLoaderTest.php,357,2,1,1
src/Symfony/Component/ClassLoader/Tests/ClassCollectionLoaderTest.php,357,2,1,1
src/Symfony/Component/ClassLoader/Tests/ClassLoaderTest.php,357,2,1,1
src/Symfony/Component/ClassLoader/Tests/ClassMapGeneratorTest.php,357,2,1,1
src/Symfony/Component/ClassLoader/Tests/Fixtures/Apc/Namespaced/Bar.php,375,26,22,4
src/Symfony/Component/ClassLoader/Tests/Fixtures/Apc/Namespaced/Baz.php,415,62,51,11
src/Symfony/Component/ClassLoader/Tests/Fixtures/Apc/Namespaced/Foo.php,772,6,3,3
src/Symfony/Component/ClassLoader/Tests/Fixtures/Apc/Namespaced/FooBar.php,894,9,4,5
src/Symfony/Component/ClassLoader/Tests/Fixtures/Apc/Pearlike/Bar.php,897,11,7,4
src/Symfony/Component/ClassLoader/Tests/Fixtures/Apc/Pearlike/Baz.php,20245,14,8,6
src/Symfony/Component/ClassLoader/Tests/Fixtures/Apc/Pearlike/Foo.php,1743,6,4,2
src/Symfony/Component/ClassLoader/Tests/Fixtures/Apc/alpha/Apc/ApcPrefixCollision/A/Bar.php,3407,8,4,4
src/Symfony/Component/ClassLoader/Tests/Fixtures/Apc/alpha/Apc/ApcPrefixCollision/A/Foo.php,989,4,4,0
src/Symfony/Component/ClassLoader/Tests/Fixtures/Apc/alpha/Apc/NamespaceCollision/A/Bar.php,3383,5,4,1
src/Symfony/Component/ClassLoader/Tests/Fixtures/Apc/alpha/Apc/NamespaceCollision/A/Foo.php,1007,2,1,1
src/Symfony/Component/ClassLoader/Tests/Fixtures/Apc/beta/Apc/ApcPrefixCollision/A/B/Bar.php,1372,3,1,2
src/Symfony/Component/ClassLoader/Tests/Fixtures/Apc/beta/Apc/ApcPrefixCollision/A/B/Foo.php,3407,2,1,1
src/Symfony/Component/ClassLoader/Tests/Fixtures/Apc/beta/Apc/NamespaceCollision/A/B/Bar.php,260,3,2,1
src/Symfony/Component/ClassLoader/Tests/Fixtures/Apc/beta/Apc/NamespaceCollision/A/B/Foo.php,230,1,1,0
src/Symfony/Component/ClassLoader/Tests/Fixtures/Apc/fallback/Apc/Pearlike/FooBar.php,190,3,2,1
src/Symfony/Component/ClassLoader/Tests/Fixtures/Apc/fallback/Namespaced/FooBar.php,901,8,8,0
src/Symfony/Component/ClassLoader/Tests/Fixtures/ClassesWithParents/A.php,555,78,63,15
src/Symfony/Component/ClassLoader/Tests/Fixtures/ClassesWithParents/ATrait.php,559,6,4,2
src/Symfony/Component/ClassLoader/Tests/Fixtures/ClassesWithParents/B.php,559,6,4,2
src/Symfony/Component/ClassLoader/Tests/Fixtures/ClassesWithParents/BTrait.php,465,16,12,4
src/Symfony/Component/ClassLoader/Tests/Fixtures/ClassesWithParents/CInterface.php,902,3,2,1
src/Symfony/Component/ClassLoader/Tests/Fixtures/ClassesWithParents/CTrait.php,1833,2,1,1
src/Symfony/Component/ClassLoader/Tests/Fixtures/ClassesWithParents/D.php,767,1,0,1
src/Symfony/Component/ClassLoader/Tests/Fixtures/ClassesWithParents/E.php,771,1,0,1
src/Symfony/Component/ClassLoader/Tests/Fixtures/ClassesWithParents/GInterface.php,20265,522,253,269
src/Symfony/Component/ClassLoader/Tests/Fixtures/Namespaced/Bar.php,1373,5,3,2
src/Symfony/Component/ClassLoader/Tests/Fixtures/Namespaced/Baz.php,20338,130,105,25
src/Symfony/Component/ClassLoader/Tests/Fixtures/Namespaced/Foo.php,1518,2,1,1
src/Symfony/Component/ClassLoader/Tests/Fixtures/Namespaced2/Bar.php,418,2,1,1
src/Symfony/Component/ClassLoader/Tests/Fixtures/Namespaced2/Baz.php,1007,2,1,1
src/Symfony/Component/ClassLoader/Tests/Fixtures/Namespaced2/Foo.php,625,2,1,1
src/Symfony/Component/ClassLoader/Tests/Fixtures/Pearlike/Bar.php,146,2,1,1
src/Symfony/Component/ClassLoader/Tests/Fixtures/Pearlike/Baz.php,1373,2,1,1
src/Symfony/Component/ClassLoader/Tests/Fixtures/Pearlike/Foo.php,1188,5,2,3
src/Symfony/Component/ClassLoader/Tests/Fixtures/Pearlike2/Bar.php,1372,5,2,3
src/Symfony/Component/ClassLoader/Tests/Fixtures/Pearlike2/Baz.php,910,6,4,2
src/Symfony/Component/ClassLoader/Tests/Fixtures/Pearlike2/Foo.php,322,28,19,9
src/Symfony/Component/ClassLoader/Tests/Fixtures/alpha/NamespaceCollision/A/Bar.php,1965,2,1,1
src/Symfony/Component/ClassLoader/Tests/Fixtures/alpha/NamespaceCollision/A/Foo.php,498,10,9,1
src/Symfony/Component/ClassLoader/Tests/Fixtures/alpha/NamespaceCollision/C/Bar.php,421,6,5,1
src/Symfony/Component/ClassLoader/Tests/Fixtures/alpha/NamespaceCollision/C/Foo.php,1014,11,9,2
src/Symfony/Component/ClassLoader/Tests/Fixtures/alpha/PrefixCollision/A/Bar.php,2539,30,26,4
src/Symfony/Component/ClassLoader/Tests/Fixtures/alpha/PrefixCollision/A/Foo.php,1024,36,23,13
src/Symfony/Component/ClassLoader/Tests/Fixtures/alpha/PrefixCollision/C/Bar.php,3384,14,8,6
src/Symfony/Component/ClassLoader/Tests/Fixtures/alpha/PrefixCollision/C/Foo.php,3384,9,4,5
src/Symfony/Component/ClassLoader/Tests/Fixtures/beta/NamespaceCollision/A/B/Bar.php,3386,8,5,3
src/Symfony/Component/ClassLoader/Tests/Fixtures/beta/NamespaceCollision/A/B/Foo.php,3388,11,7,4
src/Symfony/Component/ClassLoader/Tests/Fixtures/beta/NamespaceCollision/C/B/Bar.php,1390,4,3,1
src/Symfony/Component/ClassLoader/Tests/Fixtures/beta/NamespaceCollision/C/B/Foo.php,119,1,0,1
src/Symfony/Component/ClassLoader/Tests/Fixtures/beta/PrefixCollision/A/B/Bar.php,3388,156,78,78
src/Symfony/Component/ClassLoader/Tests/Fixtures/beta/PrefixCollision/A/B/Foo.php,1024,6,3,3
src/Symfony/Component/ClassLoader/Tests/Fixtures/beta/PrefixCollision/C/B/Bar.php,1390,22,11,11
src/Symfony/Component/ClassLoader/Tests/Fixtures/beta/PrefixCollision/C/B/Foo.php,3388,41,21,20
src/Symfony/Component/ClassLoader/Tests/Fixtures/classmap/SomeClass.php,1394,18,11,7
src/Symfony/Component/ClassLoader/Tests/Fixtures/classmap/SomeInterface.php,1243,2,1,1
src/Symfony/Component/ClassLoader/Tests/Fixtures/classmap/SomeParent.php,1518,2,1,1
src/Symfony/Component/ClassLoader/Tests/Fixtures/classmap/multipleNs.php,418,2,1,1
src/Symfony/Component/ClassLoader/Tests/Fixtures/classmap/notAClass.php,20324,58,22,36
src/Symfony/Component/ClassLoader/Tests/Fixtures/classmap/sameNsMultipleClasses.php,3389,7,4,3
src/Symfony/Component/ClassLoader/Tests/Fixtures/fallback/Namespaced/FooBar.php,3389,22,11,11
src/Symfony/Component/ClassLoader/Tests/Fixtures/fallback/Namespaced2/FooBar.php,3390,3,2,1
src/Symfony/Component/ClassLoader/Tests/Fixtures/fallback/Pearlike/FooBar.php,3390,2,1,1
src/Symfony/Component/ClassLoader/Tests/Fixtures/fallback/Pearlike2/FooBar.php,2679,12,4,8
src/Symfony/Component/ClassLoader/Tests/Fixtures/includepath/Foo.php,1842,10,0,10
src/Symfony/Component/ClassLoader/Tests/Fixtures/php5.4/traits.php,764,46,37,9
src/Symfony/Component/ClassLoader/Tests/UniversalClassLoaderTest.php,3388,4,1,3
src/Symfony/Component/ClassLoader/Tests/bootstrap.php,193,3,2,1
src/Symfony/Component/ClassLoader/XcacheClassLoader.php,931,12,10,2
src/Symfony/Component/Config/Definition/Builder/EnumNodeDefinition.php,945,24,19,5
src/Symfony/Component/Config/Definition/Builder/ScalarNodeDefinition.php,1209,7,7,0
src/Symfony/Component/Config/Definition/EnumNode.php,420,6,6,0
src/Symfony/Component/Config/Definition/Exception/InvalidDefinitionException.php,1189,1,1,0
src/Symfony/Component/Config/Resource/DirectoryResource.php,902,2,1,1
src/Symfony/Component/Config/Resource/FileResource.php,951,10,8,2
src/Symfony/Component/Config/Tests/Definition/ArrayNodeTest.php,955,6,5,1
src/Symfony/Component/Config/Tests/Definition/BooleanNodeTest.php,1245,7,7,0
src/Symfony/Component/Config/Tests/Definition/Builder/ArrayNodeDefinitionTest.php,457,22,22,0
src/Symfony/Component/Config/Tests/Definition/Builder/EnumNodeDefinitionTest.php,415,4,2,2
src/Symfony/Component/Config/Tests/Definition/Builder/ExprBuilderTest.php,457,4,2,2
src/Symfony/Component/Config/Tests/Definition/Builder/NodeBuilderTest.php,1407,30,22,8
src/Symfony/Component/Config/Tests/Definition/Builder/TreeBuilderTest.php,1410,20,13,7
src/Symfony/Component/Config/Tests/Definition/EnumNodeTest.php,1410,49,25,24
src/Symfony/Component/Config/Tests/Definition/FinalizationTest.php,146,2,0,2
src/Symfony/Component/Config/Tests/Definition/MergeTest.php,910,4,1,3
src/Symfony/Component/Config/Tests/Definition/NormalizationTest.php,220,6,3,3
src/Symfony/Component/Config/Tests/Definition/ProcessorTest.php,559,4,2,2
src/Symfony/Component/Config/Tests/Definition/PrototypedArrayNodeTest.php,559,4,2,2
src/Symfony/Component/Config/Tests/Definition/ScalarNodeTest.php,795,74,44,30
src/Symfony/Component/Config/Tests/FileLocatorTest.php,1245,6,3,3
src/Symfony/Component/Config/Tests/Fixtures/Builder/BarNodeDefinition.php,798,7,5,2
src/Symfony/Component/Config/Tests/Fixtures/Builder/NodeBuilder.php,2679,6,4,2
src/Symfony/Component/Config/Tests/Fixtures/Builder/VariableNodeDefinition.php,798,2,1,1
src/Symfony/Component/Config/Tests/Loader/DelegatingLoaderTest.php,3388,8,4,4
src/Symfony/Component/Config/Tests/Loader/LoaderResolverTest.php,3388,16,9,7
src/Symfony/Component/Config/Tests/Loader/LoaderTest.php,3388,14,7,7
src/Symfony/Component/Config/Tests/Resource/DirectoryResourceTest.php,3387,3,1,2
src/Symfony/Component/Config/Tests/Resource/FileResourceTest.php,3387,6,3,3
src/Symfony/Component/Config/Tests/bootstrap.php,457,4,2,2
src/Symfony/Component/Console/Formatter/OutputFormatterStyleStack.php,1833,2,1,1
src/Symfony/Component/Console/Output/ConsoleOutputInterface.php,903,1,1,0
src/Symfony/Component/Console/Tests/ApplicationTest.php,191,2,2,0
src/Symfony/Component/Console/Tests/Command/CommandTest.php,422,2,2,0
src/Symfony/Component/Console/Tests/Command/HelpCommandTest.php,1440,7,7,0
src/Symfony/Component/Console/Tests/Command/ListCommandTest.php,1026,7,6,1
src/Symfony/Component/Console/Tests/Fixtures/Foo1Command.php,3388,4,4,0
src/Symfony/Component/Console/Tests/Fixtures/Foo2Command.php,499,7,4,3
src/Symfony/Component/Console/Tests/Fixtures/Foo3Command.php,1249,18,10,8
src/Symfony/Component/Console/Tests/Fixtures/FooCommand.php,433,5,4,1
src/Symfony/Component/Console/Tests/Fixtures/TestCommand.php,914,11,7,4
src/Symfony/Component/Console/Tests/Formatter/OutputFormatterStyleStackTest.php,235,29,23,6
src/Symfony/Component/Console/Tests/Formatter/OutputFormatterStyleTest.php,559,2,1,1
src/Symfony/Component/Console/Tests/Formatter/OutputFormatterTest.php,559,2,1,1
src/Symfony/Component/Console/Tests/Helper/DialogHelperTest.php,252,25,15,10
src/Symfony/Component/Console/Tests/Helper/FormatterHelperTest.php,2540,10,9,1
src/Symfony/Component/Console/Tests/Input/ArgvInputTest.php,627,13,7,6
src/Symfony/Component/Console/Tests/Input/ArrayInputTest.php,1412,5,4,1
src/Symfony/Component/Console/Tests/Input/InputArgumentTest.php,1412,5,3,2
src/Symfony/Component/Console/Tests/Input/InputDefinitionTest.php,1027,7,5,2
src/Symfony/Component/Console/Tests/Input/InputOptionTest.php,1414,3,3,0
src/Symfony/Component/Console/Tests/Input/InputTest.php,1027,2,1,1
src/Symfony/Component/Console/Tests/Input/StringInputTest.php,1414,3,2,1
src/Symfony/Component/Console/Tests/Output/ConsoleOutputTest.php,817,28,24,4
src/Symfony/Component/Console/Tests/Output/NullOutputTest.php,1036,6,5,1
src/Symfony/Component/Console/Tests/Output/OutputTest.php,1035,4,4,0
src/Symfony/Component/Console/Tests/Output/StreamOutputTest.php,817,2,1,1
src/Symfony/Component/Console/Tests/Tester/ApplicationTesterTest.php,460,5,5,0
src/Symfony/Component/Console/Tests/Tester/CommandTesterTest.php,818,5,3,2
src/Symfony/Component/Console/Tests/bootstrap.php,818,7,7,0
src/Symfony/Component/CssSelector/Tests/CssSelectorTest.php,1415,11,6,5
src/Symfony/Component/CssSelector/Tests/Node/AttribNodeTest.php,1836,11,7,4
src/Symfony/Component/CssSelector/Tests/Node/ClassNodeTest.php,3394,31,19,12
src/Symfony/Component/CssSelector/Tests/Node/CombinedSelectorNodeTest.php,913,3,1,2
src/Symfony/Component/CssSelector/Tests/Node/ElementNodeTest.php,1457,2,1,1
src/Symfony/Component/CssSelector/Tests/Node/FunctionNodeTest.php,1463,160,87,73
src/Symfony/Component/CssSelector/Tests/Node/HashNodeTest.php,1118,4,2,2
src/Symfony/Component/CssSelector/Tests/Node/OrNodeTest.php,1256,2,1,1
src/Symfony/Component/CssSelector/Tests/Node/PseudoNodeTest.php,806,22,4,18
src/Symfony/Component/CssSelector/Tests/TokenizerTest.php,1258,2,2,0
src/Symfony/Component/CssSelector/Tests/XPathExprTest.php,2683,3,3,0
src/Symfony/Component/CssSelector/Tests/bootstrap.php,1413,4,1,3
src/Symfony/Component/DependencyInjection/Compiler/RemoveAbstractDefinitionsPass.php,1413,2,1,1
src/Symfony/Component/DependencyInjection/ContainerAware.php,1843,2,2,0
src/Symfony/Component/DependencyInjection/Exception/BadMethodCallException.php,1266,12,10,2
src/Symfony/Component/DependencyInjection/Exception/InactiveScopeException.php,2693,17,13,4
src/Symfony/Component/DependencyInjection/Exception/LogicException.php,2693,4,4,0
src/Symfony/Component/DependencyInjection/Exception/OutOfBoundsException.php,2699,12,11,1
src/Symfony/Component/DependencyInjection/Exception/RuntimeException.php,1415,4,3,1
src/Symfony/Component/DependencyInjection/Exception/ScopeCrossingInjectionException.php,2729,50,49,1
src/Symfony/Component/DependencyInjection/Exception/ScopeWideningInjectionException.php,1386,50,2,48
src/Symfony/Component/DependencyInjection/Exception/ServiceNotFoundException.php,1414,19,9,10
src/Symfony/Component/DependencyInjection/Extension/ConfigurationExtensionInterface.php,1027,4,3,1
src/Symfony/Component/DependencyInjection/IntrospectableContainerInterface.php,3395,9,5,4
src/Symfony/Component/DependencyInjection/Loader/FileLoader.php,2693,2,1,1
src/Symfony/Component/DependencyInjection/Scope.php,3395,1,1,0
src/Symfony/Component/DependencyInjection/Tests/Compiler/AnalyzeServiceReferencesPassTest.php,2691,4,2,2
src/Symfony/Component/DependencyInjection/Tests/Compiler/CheckCircularReferencesPassTest.php,560,5,3,2
src/Symfony/Component/DependencyInjection/Tests/Compiler/CheckDefinitionValidityPassTest.php,560,5,3,2
src/Symfony/Component/DependencyInjection/Tests/Compiler/CheckExceptionOnInvalidReferenceBehaviorPassTest.php,564,4,4,0
src/Symfony/Component/DependencyInjection/Tests/Compiler/CheckReferenceValidityPassTest.php,564,4,4,0
src/Symfony/Component/DependencyInjection/Tests/Compiler/InlineServiceDefinitionsPassTest.php,808,8,5,3
src/Symfony/Component/DependencyInjection/Tests/Compiler/IntegrationTest.php,1842,7,4,3
src/Symfony/Component/DependencyInjection/Tests/Compiler/RemoveUnusedDefinitionsPassTest.php,565,2,2,0
src/Symfony/Component/DependencyInjection/Tests/Compiler/ReplaceAliasByActualDefinitionPassTest.php,565,2,2,0
src/Symfony/Component/DependencyInjection/Tests/Compiler/ResolveDefinitionTemplatesPassTest.php,220,30,7,23
src/Symfony/Component/DependencyInjection/Tests/Compiler/ResolveInvalidReferencesPassTest.php,1415,3,2,1
src/Symfony/Component/DependencyInjection/Tests/Compiler/ResolveReferencesToAliasesPassTest.php,955,6,3,3
src/Symfony/Component/DependencyInjection/Tests/ContainerBuilderTest.php,1415,2,1,1
src/Symfony/Component/DependencyInjection/Tests/ContainerTest.php,1842,4,2,2
src/Symfony/Component/DependencyInjection/Tests/CrossCheckTest.php,3397,10,6,4
src/Symfony/Component/DependencyInjection/Tests/DefinitionDecoratorTest.php,1027,2,1,1
src/Symfony/Component/DependencyInjection/Tests/DefinitionTest.php,809,1,1,0
src/Symfony/Component/DependencyInjection/Tests/Dumper/GraphvizDumperTest.php,810,3,2,1
src/Symfony/Component/DependencyInjection/Tests/Dumper/PhpDumperTest.php,323,9,5,4
src/Symfony/Component/DependencyInjection/Tests/Dumper/XmlDumperTest.php,206,17,17,0
src/Symfony/Component/DependencyInjection/Tests/Dumper/YamlDumperTest.php,914,1,1,0
src/Symfony/Component/DependencyInjection/Tests/Fixtures/containers/container10.php,337,10,8,2
src/Symfony/Component/DependencyInjection/Tests/Fixtures/containers/container11.php,443,2,1,1
src/Symfony/Component/DependencyInjection/Tests/Fixtures/containers/container12.php,443,2,1,1
src/Symfony/Component/DependencyInjection/Tests/Fixtures/containers/container8.php,334,6,4,2
src/Symfony/Component/DependencyInjection/Tests/Fixtures/containers/container9.php,1417,2,2,0
src/Symfony/Component/DependencyInjection/Tests/Fixtures/containers/interfaces1.php,1027,6,5,1
src/Symfony/Component/DependencyInjection/Tests/Fixtures/containers/interfaces2.php,1419,2,2,0
src/Symfony/Component/DependencyInjection/Tests/Fixtures/includes/ProjectExtension.php,947,6,2,4
src/Symfony/Component/DependencyInjection/Tests/Fixtures/includes/ProjectWithXsdExtension.php,1882,6,4,2
src/Symfony/Component/DependencyInjection/Tests/Fixtures/includes/classes.php,1069,3,1,2
src/Symfony/Component/DependencyInjection/Tests/Fixtures/includes/createphar.php,298,24,20,4
src/Symfony/Component/DependencyInjection/Tests/Fixtures/includes/foo.php,268,54,35,19
src/Symfony/Component/DependencyInjection/Tests/Fixtures/php/services1-1.php,298,4,2,2
src/Symfony/Component/DependencyInjection/Tests/Fixtures/php/services1.php,919,6,6,0
src/Symfony/Component/DependencyInjection/Tests/Fixtures/php/services10.php,1870,244,136,108
src/Symfony/Component/DependencyInjection/Tests/Fixtures/php/services11.php,1920,41,2,39
src/Symfony/Component/DependencyInjection/Tests/Fixtures/php/services8.php,1908,14,0,14
src/Symfony/Component/DependencyInjection/Tests/Fixtures/php/services9.php,310,3,3,0
src/Symfony/Component/DependencyInjection/Tests/Fixtures/php/simple.php,153,4,4,0
src/Symfony/Component/DependencyInjection/Tests/Loader/ClosureLoaderTest.php,314,2,1,1
src/Symfony/Component/DependencyInjection/Tests/Loader/IniFileLoaderTest.php,961,2,1,1
src/Symfony/Component/DependencyInjection/Tests/Loader/PhpFileLoaderTest.php,1419,11,7,4
src/Symfony/Component/DependencyInjection/Tests/Loader/XmlFileLoaderTest.php,961,2,1,1
src/Symfony/Component/DependencyInjection/Tests/Loader/YamlFileLoaderTest.php,2691,4,3,1
src/Symfony/Component/DependencyInjection/Tests/ParameterBag/FrozenParameterBagTest.php,1908,4,2,2
src/Symfony/Component/DependencyInjection/Tests/ParameterBag/ParameterBagTest.php,1087,32,30,2
src/Symfony/Component/DependencyInjection/Tests/ParameterTest.php,1117,2,1,1
src/Symfony/Component/DependencyInjection/Tests/ReferenceTest.php,1671,34,19,15
src/Symfony/Component/DependencyInjection/Tests/bootstrap.php,1069,9,8,1
src/Symfony/Component/DomCrawler/Tests/CrawlerTest.php,324,1,1,0
src/Symfony/Component/DomCrawler/Tests/Field/ChoiceFormFieldTest.php,3481,3,3,0
src/Symfony/Component/DomCrawler/Tests/Field/FileFormFieldTest.php,492,1,1,0
src/Symfony/Component/DomCrawler/Tests/Field/FormFieldTest.php,1673,2,2,0
src/Symfony/Component/DomCrawler/Tests/Field/FormFieldTestCase.php,1123,3,3,0
src/Symfony/Component/DomCrawler/Tests/Field/InputFormFieldTest.php,147,1,1,0
src/Symfony/Component/DomCrawler/Tests/Field/TextareaFormFieldTest.php,1907,12,12,0
src/Symfony/Component/DomCrawler/Tests/FormTest.php,1909,1,1,0
src/Symfony/Component/DomCrawler/Tests/LinkTest.php,1088,1,1,0
src/Symfony/Component/DomCrawler/Tests/bootstrap.php,1125,4,3,1
src/Symfony/Component/EventDispatcher/ContainerAwareEventDispatcher.php,1910,1,1,0
src/Symfony/Component/EventDispatcher/Debug/TraceableEventDispatcherInterface.php,1069,2,1,1
src/Symfony/Component/EventDispatcher/GenericEvent.php,619,4,3,1
src/Symfony/Component/EventDispatcher/ImmutableEventDispatcher.php,2692,1,1,0
src/Symfony/Component/EventDispatcher/Tests/ContainerAwareEventDispatcherTest.php,1911,11,6,5
src/Symfony/Component/EventDispatcher/Tests/EventDispatcherTest.php,367,1,1,0
src/Symfony/Component/EventDispatcher/Tests/EventTest.php,191,9,5,4
src/Symfony/Component/EventDispatcher/Tests/GenericEventTest.php,1431,26,25,1
src/Symfony/Component/EventDispatcher/Tests/ImmutableEventDispatcherTest.php,146,6,3,3
src/Symfony/Component/EventDispatcher/Tests/bootstrap.php,3481,4,2,2
src/Symfony/Component/Filesystem/Exception/ExceptionInterface.php,334,4,2,2
src/Symfony/Component/Filesystem/Exception/IOException.php,1069,8,4,4
src/Symfony/Component/Filesystem/Tests/FilesystemTest.php,1437,56,28,28
src/Symfony/Component/Filesystem/Tests/bootstrap.php,3481,26,13,13
src/Symfony/Component/Finder/Iterator/CustomFilterIterator.php,355,4,2,2
src/Symfony/Component/Finder/Iterator/DateRangeFilterIterator.php,286,18,11,7
src/Symfony/Component/Finder/Iterator/DepthRangeFilterIterator.php,1088,7,4,3
src/Symfony/Component/Finder/Iterator/ExcludeDirectoryFilterIterator.php,2692,34,17,17
src/Symfony/Component/Finder/Iterator/FileTypeFilterIterator.php,493,24,12,12
src/Symfony/Component/Finder/Iterator/FilecontentFilterIterator.php,566,10,5,5
src/Symfony/Component/Finder/Iterator/FilenameFilterIterator.php,566,10,5,5
src/Symfony/Component/Finder/Iterator/FilterIterator.php,1431,52,26,26
src/Symfony/Component/Finder/Iterator/MultiplePcreFilterIterator.php,1911,16,8,8
src/Symfony/Component/Finder/Iterator/SizeRangeFilterIterator.php,1088,2,1,1
src/Symfony/Component/Finder/Iterator/SortableIterator.php,568,14,10,4
src/Symfony/Component/Finder/SplFileInfo.php,568,14,10,4
src/Symfony/Component/Finder/Tests/Comparator/ComparatorTest.php,1125,2,1,1
src/Symfony/Component/Finder/Tests/Comparator/DateComparatorTest.php,1439,12,11,1
src/Symfony/Component/Finder/Tests/Comparator/NumberComparatorTest.php,210,4,4,0
src/Symfony/Component/Finder/Tests/FinderTest.php,1912,3,2,1
src/Symfony/Component/Finder/Tests/GlobTest.php,492,4,2,2
src/Symfony/Component/Finder/Tests/Iterator/CustomFilterIteratorTest.php,1672,2,1,1
src/Symfony/Component/Finder/Tests/Iterator/DateRangeFilterIteratorTest.php,1673,9,5,4
src/Symfony/Component/Finder/Tests/Iterator/DepthRangeIteratorTest.php,1099,16,14,2
src/Symfony/Component/Finder/Tests/Iterator/ExcludeDirectoryFileIteratorTest.php,1679,19,12,7
src/Symfony/Component/Finder/Tests/Iterator/FileTypeFilterIteratorTest.php,1677,2,0,2
src/Symfony/Component/Finder/Tests/Iterator/FilecontentFilterIteratorTest.php,974,15,14,1
src/Symfony/Component/Finder/Tests/Iterator/FilenameFilterIteratorTest.php,515,4,4,0
src/Symfony/Component/Finder/Tests/Iterator/FilterIteratorTest.php,268,4,3,1
src/Symfony/Component/Finder/Tests/Iterator/Iterator.php,1437,6,3,3
src/Symfony/Component/Finder/Tests/Iterator/IteratorTestCase.php,447,13,8,5
src/Symfony/Component/Finder/Tests/Iterator/MultiplePcreFilterIteratorTest.php,154,19,14,5
src/Symfony/Component/Finder/Tests/Iterator/RealIteratorTestCase.php,1265,7,6,1
src/Symfony/Component/Finder/Tests/Iterator/SizeRangeFilterIteratorTest.php,492,2,1,1
src/Symfony/Component/Finder/Tests/Iterator/SortableIteratorTest.php,1916,6,5,1
src/Symfony/Component/Finder/Tests/bootstrap.php,367,1,0,1
src/Symfony/Component/Form/AbstractExtension.php,121,4,3,1
src/Symfony/Component/Form/AbstractRendererEngine.php,1924,13,13,0
src/Symfony/Component/Form/CallbackValidator.php,570,14,8,6
src/Symfony/Component/Form/Event/DataEvent.php,570,14,8,6
src/Symfony/Component/Form/Event/FilterDataEvent.php,2694,14,1,13
src/Symfony/Component/Form/Exception/CircularReferenceException.php,1438,3,2,1
src/Symfony/Component/Form/Exception/CreationException.php,2706,18,18,0
src/Symfony/Component/Form/Exception/DanglingFieldException.php,977,9,6,3
src/Symfony/Component/Form/Exception/ErrorMappingException.php,571,11,6,5
src/Symfony/Component/Form/Exception/FieldDefinitionException.php,571,11,6,5
src/Symfony/Component/Form/Exception/InvalidOptionsException.php,1438,5,3,2
src/Symfony/Component/Form/Exception/MissingOptionsException.php,496,8,7,1
src/Symfony/Component/Form/Exception/StringCastException.php,450,3,3,0
src/Symfony/Component/Form/Exception/TransformationFailedException.php,1469,69,53,16
src/Symfony/Component/Form/Exception/TypeDefinitionException.php,1924,2,1,1
src/Symfony/Component/Form/Extension/Core/ChoiceList/ArrayChoiceList.php,3511,19,14,5
src/Symfony/Component/Form/Extension/Core/ChoiceList/ChoiceList.php,61,20,20,0
src/Symfony/Component/Form/Extension/Core/ChoiceList/LazyChoiceList.php,1265,2,1,1
src/Symfony/Component/Form/Extension/Core/ChoiceList/ObjectChoiceList.php,1125,2,1,1
src/Symfony/Component/Form/Extension/Core/ChoiceList/PaddedChoiceList.php,1126,3,3,0
src/Symfony/Component/Form/Extension/Core/ChoiceList/SimpleChoiceList.php,1129,8,7,1
src/Symfony/Component/Form/Extension/Core/DataTransformer/ArrayToChoicesTransformer.php,3461,13,8,5
src/Symfony/Component/Form/Extension/Core/DataTransformer/ArrayToPartsTransformer.php,480,2,1,1
src/Symfony/Component/Form/Extension/Core/DataTransformer/ChoiceToBooleanArrayTransformer.php,575,10,10,0
src/Symfony/Component/Form/Extension/Core/DataTransformer/ChoiceToValueTransformer.php,575,10,10,0
src/Symfony/Component/Form/Extension/Core/DataTransformer/ChoicesToBooleanArrayTransformer.php,590,10,10,0
src/Symfony/Component/Form/Extension/Core/DataTransformer/ChoicesToValuesTransformer.php,590,10,10,0
src/Symfony/Component/Form/Extension/Core/DataTransformer/DateTimeToRfc3339Transformer.php,1377,4,3,1
src/Symfony/Component/Form/Extension/Core/DataTransformer/ValueToDuplicatesTransformer.php,452,13,13,0
src/Symfony/Component/Form/Extension/Core/EventListener/FixCheckboxInputListener.php,1485,3,3,0
src/Symfony/Component/Form/Extension/Core/EventListener/MergeCollectionListener.php,597,16,13,3
src/Symfony/Component/Form/Extension/Core/Type/BirthdayType.php,597,16,13,3
src/Symfony/Component/Form/Extension/Core/Type/CollectionType.php,3463,4,3,1
src/Symfony/Component/Form/Extension/Core/Type/CountryType.php,567,6,3,3
src/Symfony/Component/Form/Extension/Core/Type/FieldType.php,567,6,3,3
src/Symfony/Component/Form/Extension/Core/Type/FileType.php,1380,15,9,6
src/Symfony/Component/Form/Extension/Core/Type/FormType.php,2778,6,5,1
src/Symfony/Component/Form/Extension/Core/Type/HiddenType.php,1380,2,1,1
src/Symfony/Component/Form/Extension/Core/Type/IntegerType.php,256,5,0,5
src/Symfony/Component/Form/Extension/Core/Type/LanguageType.php,1988,8,3,5
src/Symfony/Component/Form/Extension/Core/Type/LocaleType.php,2780,12,7,5
src/Symfony/Component/Form/Extension/Core/Type/NumberType.php,2260,8,5,3
src/Symfony/Component/Form/Extension/Core/Type/PasswordType.php,377,71,48,23
src/Symfony/Component/Form/Extension/Core/Type/PercentType.php,1486,1,1,0
src/Symfony/Component/Form/Extension/Core/Type/RepeatedType.php,499,2,1,1
src/Symfony/Component/Form/Extension/Core/Type/SearchType.php,3468,6,6,0
src/Symfony/Component/Form/Extension/Core/Type/TextType.php,2269,7,7,0
src/Symfony/Component/Form/Extension/Core/Type/TimezoneType.php,1275,2,2,0
src/Symfony/Component/Form/Extension/Core/Type/UrlType.php,599,2,1,1
src/Symfony/Component/Form/Extension/Core/View/ChoiceView.php,1380,8,4,4
src/Symfony/Component/Form/Extension/Csrf/CsrfExtension.php,1397,22,20,2
src/Symfony/Component/Form/Extension/Csrf/EventListener/CsrfValidationListener.php,455,8,4,4
src/Symfony/Component/Form/Extension/Csrf/EventListener/EnsureCsrfFieldListener.php,1075,25,15,10
src/Symfony/Component/Form/Extension/Csrf/Type/ChoiceTypeCsrfExtension.php,615,130,35,95
src/Symfony/Component/Form/Extension/Csrf/Type/DateTypeCsrfExtension.php,168,4,2,2
src/Symfony/Component/Form/Extension/Csrf/Type/RepeatedTypeCsrfExtension.php,574,35,0,35
src/Symfony/Component/Form/Extension/Csrf/Type/TimeTypeCsrfExtension.php,665,4,2,2
src/Symfony/Component/Form/Extension/DependencyInjection/DependencyInjectionExtension.php,1365,134,57,77
src/Symfony/Component/Form/Extension/HttpFoundation/EventListener/BindRequestListener.php,903,14,8,6
src/Symfony/Component/Form/Extension/HttpFoundation/HttpFoundationExtension.php,615,2,1,1
src/Symfony/Component/Form/Extension/HttpFoundation/Type/FormTypeHttpFoundationExtension.php,1432,52,44,8
src/Symfony/Component/Form/Extension/Templating/TemplatingExtension.php,1076,5,3,2
src/Symfony/Component/Form/Extension/Templating/TemplatingRendererEngine.php,455,6,6,0
src/Symfony/Component/Form/Extension/Validator/Constraints/Form.php,360,8,2,6
src/Symfony/Component/Form/Extension/Validator/Constraints/FormValidator.php,455,4,2,2
src/Symfony/Component/Form/Extension/Validator/EventListener/ValidationListener.php,457,2,1,1
src/Symfony/Component/Form/Extension/Validator/Type/FormTypeValidatorExtension.php,481,5,5,0
src/Symfony/Component/Form/Extension/Validator/Type/RepeatedTypeValidatorExtension.php,2271,4,3,1
src/Symfony/Component/Form/Extension/Validator/Util/ServerParams.php,1998,2,1,1
src/Symfony/Component/Form/Extension/Validator/ViolationMapper/MappingRule.php,277,4,2,2
src/Symfony/Component/Form/Extension/Validator/ViolationMapper/RelativePath.php,488,5,3,2
src/Symfony/Component/Form/Extension/Validator/ViolationMapper/ViolationMapper.php,1797,10,6,4
src/Symfony/Component/Form/Extension/Validator/ViolationMapper/ViolationMapperInterface.php,1051,41,19,22
src/Symfony/Component/Form/Extension/Validator/ViolationMapper/ViolationPath.php,1070,8,4,4
src/Symfony/Component/Form/Extension/Validator/ViolationMapper/ViolationPathIterator.php,3166,30,14,16
src/Symfony/Component/Form/FormBuilderInterface.php,1374,1,0,1
src/Symfony/Component/Form/FormConfigBuilder.php,2252,26,17,9
src/Symfony/Component/Form/FormConfigBuilderInterface.php,167,4,2,2
src/Symfony/Component/Form/FormConfigInterface.php,162,2,1,1
src/Symfony/Component/Form/FormEvent.php,1800,4,4,0
src/Symfony/Component/Form/FormEvents.php,201,18,10,8
src/Symfony/Component/Form/FormFactoryBuilder.php,2275,6,5,1
src/Symfony/Component/Form/FormFactoryBuilderInterface.php,578,8,7,1
src/Symfony/Component/Form/FormRegistry.php,1051,3,2,1
src/Symfony/Component/Form/FormRegistryInterface.php,509,10,5,5
src/Symfony/Component/Form/FormRenderer.php,1800,8,4,4
src/Symfony/Component/Form/FormRendererEngineInterface.php,2279,6,5,1
src/Symfony/Component/Form/FormRendererInterface.php,1071,13,4,9
src/Symfony/Component/Form/Forms.php,3480,4,3,1
src/Symfony/Component/Form/PreloadedExtension.php,665,2,1,1
src/Symfony/Component/Form/ResolvedFormType.php,168,25,2,23
src/Symfony/Component/Form/ResolvedFormTypeFactory.php,1128,25,23,2
src/Symfony/Component/Form/ResolvedFormTypeFactoryInterface.php,1073,2,2,0
src/Symfony/Component/Form/ResolvedFormTypeInterface.php,3222,2,1,1
src/Symfony/Component/Form/ReversedTransformer.php,2260,2,1,1
src/Symfony/Component/Form/Tests/AbstractDivLayoutTest.php,933,83,58,25
src/Symfony/Component/Form/Tests/AbstractExtensionTest.php,1130,18,10,8
src/Symfony/Component/Form/Tests/AbstractFormTest.php,1417,3,1,2
src/Symfony/Component/Form/Tests/AbstractLayoutTest.php,55,2,1,1
src/Symfony/Component/Form/Tests/AbstractTableLayoutTest.php,1448,2,1,1
src/Symfony/Component/Form/Tests/CompoundFormPerformanceTest.php,993,3,2,1
src/Symfony/Component/Form/Tests/CompoundFormTest.php,509,16,12,4
src/Symfony/Component/Form/Tests/Extension/Core/ChoiceList/ChoiceListTest.php,167,2,1,1
src/Symfony/Component/Form/Tests/Extension/Core/ChoiceList/LazyChoiceListTest.php,2281,8,4,4
src/Symfony/Component/Form/Tests/Extension/Core/ChoiceList/ObjectChoiceListTest.php,568,2,1,1
src/Symfony/Component/Form/Tests/Extension/Core/ChoiceList/SimpleChoiceListTest.php,568,2,1,1
src/Symfony/Component/Form/Tests/Extension/Core/DataMapper/PropertyPathMapperTest.php,1998,4,2,2
src/Symfony/Component/Form/Tests/Extension/Core/DataTransformer/ArrayToPartsTransformerTest.php,1806,8,7,1
src/Symfony/Component/Form/Tests/Extension/Core/DataTransformer/BooleanToStringTransformerTest.php,2782,3,2,1
src/Symfony/Component/Form/Tests/Extension/Core/DataTransformer/ChoiceToValueTransformerTest.php,3487,18,16,2
src/Symfony/Component/Form/Tests/Extension/Core/DataTransformer/ChoicesToValuesTransformerTest.php,3491,22,14,8
src/Symfony/Component/Form/Tests/Extension/Core/DataTransformer/DataTransformerChainTest.php,2782,4,2,2
src/Symfony/Component/Form/Tests/Extension/Core/DataTransformer/DateTimeTestCase.php,609,12,2,10
src/Symfony/Component/Form/Tests/Extension/Core/DataTransformer/DateTimeToArrayTransformerTest.php,171,14,12,2
src/Symfony/Component/Form/Tests/Extension/Core/DataTransformer/DateTimeToLocalizedStringTransformerTest.php,1165,14,14,0
src/Symfony/Component/Form/Tests/Extension/Core/DataTransformer/DateTimeToRfc3339TransformerTest.php,1055,7,7,0
src/Symfony/Component/Form/Tests/Extension/Core/DataTransformer/DateTimeToStringTransformerTest.php,3494,5,4,1
src/Symfony/Component/Form/Tests/Extension/Core/DataTransformer/DateTimeToTimestampTransformerTest.php,2015,3,2,1
src/Symfony/Component/Form/Tests/Extension/Core/DataTransformer/IntegerToLocalizedStringTransformerTest.php,456,1,1,0
src/Symfony/Component/Form/Tests/Extension/Core/DataTransformer/LocalizedTestCase.php,461,10,8,2
src/Symfony/Component/Form/Tests/Extension/Core/DataTransformer/MoneyToLocalizedStringTransformerTest.php,461,2,1,1
src/Symfony/Component/Form/Tests/Extension/Core/DataTransformer/NumberToLocalizedStringTransformerTest.php,1810,12,8,4
src/Symfony/Component/Form/Tests/Extension/Core/DataTransformer/PercentToLocalizedStringTransformerTest.php,3264,14,9,5
src/Symfony/Component/Form/Tests/Extension/Core/DataTransformer/ValueToDuplicatesTransformerTest.php,1383,11,7,4
src/Symfony/Component/Form/Tests/Extension/Core/EventListener/FixRadioInputListenerTest.php,2781,1,0,1
src/Symfony/Component/Form/Tests/Extension/Core/EventListener/FixUrlProtocolListenerTest.php,1213,33,24,9
src/Symfony/Component/Form/Tests/Extension/Core/EventListener/MergeCollectionListenerArrayObjectTest.php,362,20,11,9
src/Symfony/Component/Form/Tests/Extension/Core/EventListener/MergeCollectionListenerArrayTest.php,217,27,10,17
src/Symfony/Component/Form/Tests/Extension/Core/EventListener/MergeCollectionListenerCustomArrayObjectTest.php,466,1,1,0
src/Symfony/Component/Form/Tests/Extension/Core/EventListener/MergeCollectionListenerTest.php,3267,27,15,12
src/Symfony/Component/Form/Tests/Extension/Core/EventListener/ResizeFormListenerTest.php,465,6,2,4
src/Symfony/Component/Form/Tests/Extension/Core/EventListener/TrimListenerTest.php,365,17,10,7
src/Symfony/Component/Form/Tests/Extension/Core/Type/CheckboxTypeTest.php,162,8,4,4
src/Symfony/Component/Form/Tests/Extension/Core/Type/ChoiceTypePerformanceTest.php,2828,9,8,1
src/Symfony/Component/Form/Tests/Extension/Core/Type/ChoiceTypeTest.php,3267,12,6,6
src/Symfony/Component/Form/Tests/Extension/Core/Type/CollectionTypeTest.php,2298,17,14,3
src/Symfony/Component/Form/Tests/Extension/Core/Type/CountryTypeTest.php,3271,4,3,1
src/Symfony/Component/Form/Tests/Extension/Core/Type/DateTimeTypeTest.php,3271,2,1,1
src/Symfony/Component/Form/Tests/Extension/Core/Type/DateTypeTest.php,1810,2,1,1
src/Symfony/Component/Form/Tests/Extension/Core/Type/FileTypeTest.php,2299,1,1,0
src/Symfony/Component/Form/Tests/Extension/Core/Type/FormTypeTest.php,327,6,3,3
src/Symfony/Component/Form/Tests/Extension/Core/Type/IntegerTypeTest.php,3276,29,21,8
src/Symfony/Component/Form/Tests/Extension/Core/Type/LanguageTypeTest.php,336,2,1,1
src/Symfony/Component/Form/Tests/Extension/Core/Type/LocaleTypeTest.php,572,9,8,1
src/Symfony/Component/Form/Tests/Extension/Core/Type/LocalizedTestCase.php,3276,9,4,5
src/Symfony/Component/Form/Tests/Extension/Core/Type/MoneyTypeTest.php,3276,2,1,1
src/Symfony/Component/Form/Tests/Extension/Core/Type/NumberTypeTest.php,3276,2,1,1
src/Symfony/Component/Form/Tests/Extension/Core/Type/PasswordTypeTest.php,2836,40,25,15
src/Symfony/Component/Form/Tests/Extension/Core/Type/RepeatedTypeTest.php,3277,5,4,1
src/Symfony/Component/Form/Tests/Extension/Core/Type/TimeTypeTest.php,3277,2,1,1
src/Symfony/Component/Form/Tests/Extension/Core/Type/TimezoneTypeTest.php,1276,5,3,2
src/Symfony/Component/Form/Tests/Extension/Core/Type/TypeTestCase.php,1274,2,0,2
src/Symfony/Component/Form/Tests/Extension/Core/Type/UrlTypeTest.php,1095,59,40,19
src/Symfony/Component/Form/Tests/Extension/Csrf/CsrfProvider/DefaultCsrfProviderTest.php,2304,7,7,0
src/Symfony/Component/Form/Tests/Extension/Csrf/CsrfProvider/SessionCsrfProviderTest.php,1138,4,3,1
src/Symfony/Component/Form/Tests/Extension/Csrf/Type/FormTypeCsrfExtensionTest.php,1097,4,3,1
src/Symfony/Component/Form/Tests/Extension/HttpFoundation/EventListener/BindRequestListenerTest.php,3285,3,2,1
src/Symfony/Component/Form/Tests/Extension/Validator/Constraints/FormValidatorTest.php,582,89,45,44
src/Symfony/Component/Form/Tests/Extension/Validator/EventListener/ValidationListenerTest.php,582,89,45,44
src/Symfony/Component/Form/Tests/Extension/Validator/Type/FormTypeValidatorExtensionTest.php,2021,26,24,2
src/Symfony/Component/Form/Tests/Extension/Validator/Type/TypeTestCase.php,2024,3,3,0
src/Symfony/Component/Form/Tests/Extension/Validator/ViolationMapper/ViolationMapperTest.php,574,4,3,1
src/Symfony/Component/Form/Tests/Extension/Validator/ViolationMapper/ViolationPathTest.php,570,6,5,1
src/Symfony/Component/Form/Tests/Fixtures/AlternatingRowType.php,3285,2,1,1
src/Symfony/Component/Form/Tests/Fixtures/Author.php,230,29,0,29
src/Symfony/Component/Form/Tests/Fixtures/AuthorType.php,3281,5,0,5
src/Symfony/Component/Form/Tests/Fixtures/CustomArrayObject.php,576,7,7,0
src/Symfony/Component/Form/Tests/Fixtures/FixedDataTransformer.php,2022,76,42,34
src/Symfony/Component/Form/Tests/Fixtures/FixedFilterListener.php,582,12,6,6
src/Symfony/Component/Form/Tests/Fixtures/FooSubType.php,582,12,6,6
src/Symfony/Component/Form/Tests/Fixtures/FooSubTypeWithParentInstance.php,1356,1271,892,379
src/Symfony/Component/Form/Tests/Fixtures/FooType.php,229,133,56,77
src/Symfony/Component/Form/Tests/Fixtures/FooTypeBarExtension.php,1036,1005,336,669
src/Symfony/Component/Form/Tests/Fixtures/FooTypeBazExtension.php,585,14,9,5
src/Symfony/Component/Form/Tests/Fixtures/Magician.php,585,14,9,5
src/Symfony/Component/Form/Tests/Fixtures/TestExtension.php,3281,4,3,1
src/Symfony/Component/Form/Tests/FormBuilderInterface.php,365,2,1,1
src/Symfony/Component/Form/Tests/FormBuilderTest.php,2308,9,6,3
src/Symfony/Component/Form/Tests/FormConfigTest.php,469,8,4,4
src/Symfony/Component/Form/Tests/FormFactoryTest.php,686,3,1,2
src/Symfony/Component/Form/Tests/FormIntegrationTestCase.php,1499,3,1,2
src/Symfony/Component/Form/Tests/FormInterface.php,75,20,10,10
src/Symfony/Component/Form/Tests/FormPerformanceTestCase.php,99,10,3,7
src/Symfony/Component/Form/Tests/FormRegistryTest.php,790,2,1,1
src/Symfony/Component/Form/Tests/Guess/GuessTest.php,1414,2,1,1
src/Symfony/Component/Form/Tests/ResolvedFormTypeTest.php,1225,12,6,6
src/Symfony/Component/Form/Tests/SimpleFormTest.php,1414,2,1,1
src/Symfony/Component/Form/Tests/Util/FormUtilTest.php,1225,12,6,6
src/Symfony/Component/Form/Tests/Util/PropertyPathArrayObjectTest.php,2990,6,3,3
src/Symfony/Component/Form/Tests/Util/PropertyPathArrayTest.php,3147,33,18,15
src/Symfony/Component/Form/Tests/Util/PropertyPathBuilderTest.php,689,2,1,1
src/Symfony/Component/Form/Tests/Util/PropertyPathCollectionTest.php,205,7,4,3
src/Symfony/Component/Form/Tests/Util/PropertyPathCustomArrayObjectTest.php,185,7,4,3
src/Symfony/Component/Form/Tests/Util/PropertyPathTest.php,1998,31,16,15
src/Symfony/Component/Form/Tests/bootstrap.php,513,7,4,3
src/Symfony/Component/Form/Util/PropertyPathBuilder.php,2034,5,4,1
src/Symfony/Component/Form/Util/PropertyPathInterface.php,2034,2,1,1
src/Symfony/Component/Form/Util/PropertyPathIteratorInterface.php,1508,2,1,1
src/Symfony/Component/Form/Util/VirtualFormAwareIterator.php,3147,6,3,3
src/Symfony/Component/HttpFoundation/File/Exception/FileException.php,792,10,5,5
src/Symfony/Component/HttpFoundation/File/Exception/UploadException.php,1522,2,1,1
src/Symfony/Component/HttpFoundation/File/MimeType/ExtensionGuesser.php,1807,55,28,27
src/Symfony/Component/HttpFoundation/File/MimeType/ExtensionGuesserInterface.php,665,2,1,1
src/Symfony/Component/HttpFoundation/File/MimeType/MimeTypeExtensionGuesser.php,722,213,114,99
src/Symfony/Component/HttpFoundation/JsonResponse.php,807,235,125,110
src/Symfony/Component/HttpFoundation/Resources/stubs/SessionHandlerInterface.php,591,2,1,1
src/Symfony/Component/HttpFoundation/Session/Attribute/AttributeBag.php,591,2,1,1
src/Symfony/Component/HttpFoundation/Session/Attribute/AttributeBagInterface.php,2029,4,1,3
src/Symfony/Component/HttpFoundation/Session/Attribute/NamespacedAttributeBag.php,1506,4,1,3
src/Symfony/Component/HttpFoundation/Session/Flash/AutoExpireFlashBag.php,3145,6,2,4
src/Symfony/Component/HttpFoundation/Session/Flash/FlashBag.php,1522,2,1,1
src/Symfony/Component/HttpFoundation/Session/Flash/FlashBagInterface.php,792,8,4,4
src/Symfony/Component/HttpFoundation/Session/Session.php,585,2,1,1
src/Symfony/Component/HttpFoundation/Session/SessionBagInterface.php,585,2,1,1
src/Symfony/Component/HttpFoundation/Session/SessionInterface.php,166,15,10,5
src/Symfony/Component/HttpFoundation/Session/Storage/Handler/MemcacheSessionHandler.php,587,8,0,8
src/Symfony/Component/HttpFoundation/Session/Storage/Handler/MemcachedSessionHandler.php,587,8,0,8
src/Symfony/Component/HttpFoundation/Session/Storage/Handler/MongoDbSessionHandler.php,113,9,5,4
src/Symfony/Component/HttpFoundation/Session/Storage/Handler/NativeFileSessionHandler.php,563,31,2,29
src/Symfony/Component/HttpFoundation/Session/Storage/Handler/NativeSessionHandler.php,563,31,2,29
src/Symfony/Component/HttpFoundation/Session/Storage/Handler/NullSessionHandler.php,2030,5,3,2
src/Symfony/Component/HttpFoundation/Session/Storage/Handler/PdoSessionHandler.php,3147,4,3,1
src/Symfony/Component/HttpFoundation/Session/Storage/MetadataBag.php,1808,5,3,2
src/Symfony/Component/HttpFoundation/Session/Storage/MockArraySessionStorage.php,2839,4,3,1
src/Symfony/Component/HttpFoundation/Session/Storage/MockFileSessionStorage.php,669,4,4,0
src/Symfony/Component/HttpFoundation/Session/Storage/NativeSessionStorage.php,1281,1,1,0
src/Symfony/Component/HttpFoundation/Session/Storage/Proxy/AbstractProxy.php,1808,6,3,3
src/Symfony/Component/HttpFoundation/Session/Storage/Proxy/NativeProxy.php,3019,155,0,155
src/Symfony/Component/HttpFoundation/Session/Storage/Proxy/SessionHandlerProxy.php,147,17,12,5
src/Symfony/Component/HttpFoundation/Session/Storage/SessionStorageInterface.php,2714,151,0,151
src/Symfony/Component/HttpFoundation/SessionStorage/ArraySessionStorage.php,147,17,12,5
src/Symfony/Component/HttpFoundation/StreamedResponse.php,1997,9,4,5
src/Symfony/Component/HttpFoundation/Tests/ApacheRequestTest.php,220,2,1,1
src/Symfony/Component/HttpFoundation/Tests/CookieTest.php,3019,2,1,1
src/Symfony/Component/HttpFoundation/Tests/File/FileTest.php,1997,6,3,3
src/Symfony/Component/HttpFoundation/Tests/File/MimeType/MimeTypeTest.php,800,6,5,1
src/Symfony/Component/HttpFoundation/Tests/File/UploadedFileTest.php,357,10,8,2
src/Symfony/Component/HttpFoundation/Tests/FileBagTest.php,1998,3,2,1
src/Symfony/Component/HttpFoundation/Tests/HeaderBagTest.php,104,17,12,5
src/Symfony/Component/HttpFoundation/Tests/JsonResponseTest.php,104,4,2,2
src/Symfony/Component/HttpFoundation/Tests/ParameterBagTest.php,75,1,0,1
src/Symfony/Component/HttpFoundation/Tests/RedirectResponseTest.php,107,29,16,13
src/Symfony/Component/HttpFoundation/Tests/RequestMatcherTest.php,127,36,19,17
src/Symfony/Component/HttpFoundation/Tests/RequestTest.php,774,5,4,1
src/Symfony/Component/HttpFoundation/Tests/ResponseHeaderBagTest.php,1999,5,3,2
src/Symfony/Component/HttpFoundation/Tests/ResponseTest.php,1517,12,12,0
src/Symfony/Component/HttpFoundation/Tests/ServerBagTest.php,1517,12,6,6
src/Symfony/Component/HttpFoundation/Tests/Session/Attribute/AttributeBagTest.php,871,2,2,0
src/Symfony/Component/HttpFoundation/Tests/Session/Attribute/NamespacedAttributeBagTest.php,870,3,2,1
src/Symfony/Component/HttpFoundation/Tests/Session/Flash/AutoExpireFlashBagTest.php,106,1,0,1
src/Symfony/Component/HttpFoundation/Tests/Session/Flash/FlashBagTest.php,805,5,5,0
src/Symfony/Component/HttpFoundation/Tests/Session/SessionTest.php,689,6,3,3
src/Symfony/Component/HttpFoundation/Tests/Session/Storage/Handler/MemcacheSessionHandlerTest.php,1521,7,6,1
src/Symfony/Component/HttpFoundation/Tests/Session/Storage/Handler/MemcachedSessionHandlerTest.php,433,6,3,3
src/Symfony/Component/HttpFoundation/Tests/Session/Storage/Handler/MongoDbSessionHandlerTest.php,569,5,5,0
src/Symfony/Component/HttpFoundation/Tests/Session/Storage/Handler/NativeFileSessionHandlerTest.php,569,5,5,0
src/Symfony/Component/HttpFoundation/Tests/Session/Storage/Handler/NativeSessionHandlerTest.php,525,5,3,2
src/Symfony/Component/HttpFoundation/Tests/Session/Storage/Handler/NullSessionHandlerTest.php,525,2,1,1
src/Symfony/Component/HttpFoundation/Tests/Session/Storage/Handler/PdoSessionHandlerTest.php,775,3,2,1
src/Symfony/Component/HttpFoundation/Tests/Session/Storage/MetadataBagTest.php,144,11,9,2
src/Symfony/Component/HttpFoundation/Tests/Session/Storage/MockArraySessionStorageTest.php,1278,6,3,3
src/Symfony/Component/HttpFoundation/Tests/Session/Storage/MockFileSessionStorageTest.php,3019,2,1,1
src/Symfony/Component/HttpFoundation/Tests/Session/Storage/NativeSessionStorageTest.php,433,2,1,1
src/Symfony/Component/HttpFoundation/Tests/Session/Storage/Proxy/AbstractProxyTest.php,879,8,8,0
src/Symfony/Component/HttpFoundation/Tests/Session/Storage/Proxy/NativeProxyTest.php,570,1,1,0
src/Symfony/Component/HttpFoundation/Tests/Session/Storage/Proxy/SessionHandlerProxyTest.php,570,1,1,0
src/Symfony/Component/HttpFoundation/Tests/StreamedResponseTest.php,1522,7,4,3
src/Symfony/Component/HttpFoundation/Tests/bootstrap.php,2027,3,0,3
src/Symfony/Component/HttpKernel/CacheClearer/CacheClearerInterface.php,3019,2,1,1
src/Symfony/Component/HttpKernel/CacheClearer/ChainCacheClearer.php,772,20,6,14
src/Symfony/Component/HttpKernel/CacheWarmer/WarmableInterface.php,688,7,3,4
src/Symfony/Component/HttpKernel/DataCollector/ConfigDataCollector.php,2002,5,5,0
src/Symfony/Component/HttpKernel/DataCollector/EventDataCollector.php,518,5,5,0
src/Symfony/Component/HttpKernel/DataCollector/ExceptionDataCollector.php,130,5,4,1
src/Symfony/Component/HttpKernel/DataCollector/RouterDataCollector.php,1525,3,2,1
src/Symfony/Component/HttpKernel/DataCollector/TimeDataCollector.php,804,2,1,1
src/Symfony/Component/HttpKernel/Debug/ContainerAwareTraceableEventDispatcher.php,1299,35,34,1
src/Symfony/Component/HttpKernel/Debug/Stopwatch.php,1525,2,1,1
src/Symfony/Component/HttpKernel/Debug/StopwatchEvent.php,1522,2,1,1
src/Symfony/Component/HttpKernel/DependencyInjection/AddClassesToCachePass.php,1975,73,0,73
src/Symfony/Component/HttpKernel/DependencyInjection/ConfigurableExtension.php,882,6,5,1
src/Symfony/Component/HttpKernel/DependencyInjection/MergeExtensionConfigurationPass.php,1974,16,7,9
src/Symfony/Component/HttpKernel/Event/GetResponseForControllerResultEvent.php,1522,28,14,14
src/Symfony/Component/HttpKernel/Event/PostResponseEvent.php,1355,23,15,8
src/Symfony/Component/HttpKernel/EventListener/EsiListener.php,882,2,1,1
src/Symfony/Component/HttpKernel/EventListener/LocaleListener.php,1512,57,22,35
src/Symfony/Component/HttpKernel/EventListener/RouterListener.php,569,1,0,1
src/Symfony/Component/HttpKernel/EventListener/StreamedResponseListener.php,569,1,0,1
src/Symfony/Component/HttpKernel/KernelEvents.php,1444,40,39,1
src/Symfony/Component/HttpKernel/Profiler/BaseMemcacheProfilerStorage.php,190,2,1,1
src/Symfony/Component/HttpKernel/Profiler/FileProfilerStorage.php,328,3,2,1
src/Symfony/Component/HttpKernel/Profiler/MemcacheProfilerStorage.php,1303,5,5,0
src/Symfony/Component/HttpKernel/Profiler/MemcachedProfilerStorage.php,193,3,2,1
src/Symfony/Component/HttpKernel/Profiler/MongoDbProfilerStorage.php,195,16,11,5
src/Symfony/Component/HttpKernel/Profiler/RedisProfilerStorage.php,195,16,10,6
src/Symfony/Component/HttpKernel/TerminableInterface.php,569,2,1,1
src/Symfony/Component/HttpKernel/Tests/Bundle/BundleTest.php,569,2,1,1
src/Symfony/Component/HttpKernel/Tests/CacheClearer/ChainCacheClearerTest.php,1516,4,4,0
src/Symfony/Component/HttpKernel/Tests/CacheWarmer/CacheWarmerAggregateTest.php,2005,6,6,0
src/Symfony/Component/HttpKernel/Tests/CacheWarmer/CacheWarmerTest.php,3019,2,1,1
src/Symfony/Component/HttpKernel/Tests/ClientTest.php,1278,2,1,1
src/Symfony/Component/HttpKernel/Tests/Controller/ControllerResolverTest.php,569,4,2,2
src/Symfony/Component/HttpKernel/Tests/DataCollector/ConfigDataCollectorTest.php,569,4,2,2
src/Symfony/Component/HttpKernel/Tests/DataCollector/EventDataCollectorTest.php,170,2,1,1
src/Symfony/Component/HttpKernel/Tests/DataCollector/ExceptionDataCollectorTest.php,255,4,2,2
src/Symfony/Component/HttpKernel/Tests/DataCollector/LoggerDataCollectorTest.php,185,2,1,1
src/Symfony/Component/HttpKernel/Tests/DataCollector/MemoryDataCollectorTest.php,1278,4,2,2
src/Symfony/Component/HttpKernel/Tests/DataCollector/RequestDataCollectorTest.php,352,7,2,5
src/Symfony/Component/HttpKernel/Tests/Debug/ContainerAwareTraceableEventDispatcherTest.php,688,2,1,1
src/Symfony/Component/HttpKernel/Tests/Debug/ErrorHandlerTest.php,226,2,1,1
src/Symfony/Component/HttpKernel/Tests/Debug/ExceptionHandlerTest.php,147,6,3,3
src/Symfony/Component/HttpKernel/Tests/Debug/StopwatchEventTest.php,106,4,2,2
src/Symfony/Component/HttpKernel/Tests/Debug/StopwatchTest.php,502,2,1,1
src/Symfony/Component/HttpKernel/Tests/DependencyInjection/MergeExtensionConfigurationPassTest.php,3020,1,1,0
src/Symfony/Component/HttpKernel/Tests/EventListener/EsiListenerTest.php,263,2,1,1
src/Symfony/Component/HttpKernel/Tests/EventListener/ExceptionListenerTest.php,188,2,1,1
src/Symfony/Component/HttpKernel/Tests/EventListener/LocaleListenerTest.php,2007,4,3,1
src/Symfony/Component/HttpKernel/Tests/EventListener/ResponseListenerTest.php,2007,2,1,1
src/Symfony/Component/HttpKernel/Tests/EventListener/RouterListenerTest.php,3089,14,7,7
src/Symfony/Component/HttpKernel/Tests/Exception/FlattenExceptionTest.php,536,4,2,2
src/Symfony/Component/HttpKernel/Tests/Fixtures/ExtensionAbsentBundle/ExtensionAbsentBundle.php,3358,7,7,0
src/Symfony/Component/HttpKernel/Tests/Fixtures/ExtensionLoadedBundle/DependencyInjection/ExtensionLoadedExtension.php,240,35,34,1
src/Symfony/Component/HttpKernel/Tests/Fixtures/ExtensionLoadedBundle/ExtensionLoadedBundle.php,513,6,5,1
src/Symfony/Component/HttpKernel/Tests/Fixtures/ExtensionPresentBundle/Command/FooCommand.php,248,8,8,0
src/Symfony/Component/HttpKernel/Tests/Fixtures/ExtensionPresentBundle/DependencyInjection/ExtensionPresentExtension.php,809,8,1,7
src/Symfony/Component/HttpKernel/Tests/Fixtures/ExtensionPresentBundle/ExtensionPresentBundle.php,427,14,5,9
src/Symfony/Component/HttpKernel/Tests/Fixtures/FooBarBundle.php,1495,1,1,0
src/Symfony/Component/HttpKernel/Tests/Fixtures/KernelForOverrideName.php,769,2,2,0
src/Symfony/Component/HttpKernel/Tests/Fixtures/KernelForTest.php,752,91,88,3
src/Symfony/Component/HttpKernel/Tests/Fixtures/TestClient.php,497,9,6,3
src/Symfony/Component/HttpKernel/Tests/Fixtures/TestEventDispatcher.php,317,8,4,4
src/Symfony/Component/HttpKernel/Tests/HttpCache/EsiTest.php,2064,2,1,1
src/Symfony/Component/HttpKernel/Tests/HttpCache/HttpCacheTest.php,763,61,27,34
src/Symfony/Component/HttpKernel/Tests/HttpCache/HttpCacheTestCase.php,763,2,1,1
src/Symfony/Component/HttpKernel/Tests/HttpCache/StoreTest.php,320,13,8,5
src/Symfony/Component/HttpKernel/Tests/HttpCache/TestHttpKernel.php,320,6,3,3
src/Symfony/Component/HttpKernel/Tests/HttpCache/TestMultipleHttpKernel.php,320,4,2,2
src/Symfony/Component/HttpKernel/Tests/HttpKernelTest.php,302,16,15,1
src/Symfony/Component/HttpKernel/Tests/KernelTest.php,1718,12,12,0
src/Symfony/Component/HttpKernel/Tests/Logger.php,1122,10,8,2
src/Symfony/Component/HttpKernel/Tests/Profiler/AbstractProfilerStorageTest.php,3094,9,7,2
src/Symfony/Component/HttpKernel/Tests/Profiler/FileProfilerStorageTest.php,1010,4,4,0
src/Symfony/Component/HttpKernel/Tests/Profiler/MemcacheProfilerStorageTest.php,69,18,18,0
src/Symfony/Component/HttpKernel/Tests/Profiler/MemcachedProfilerStorageTest.php,3096,4,3,1
src/Symfony/Component/HttpKernel/Tests/Profiler/Mock/MemcacheMock.php,1058,8,4,4
src/Symfony/Component/HttpKernel/Tests/Profiler/Mock/MemcachedMock.php,3096,4,2,2
src/Symfony/Component/HttpKernel/Tests/Profiler/Mock/RedisMock.php,406,4,2,2
src/Symfony/Component/HttpKernel/Tests/Profiler/MongoDbProfilerStorageTest.php,382,2,1,1
src/Symfony/Component/HttpKernel/Tests/Profiler/ProfilerTest.php,170,5,3,2
src/Symfony/Component/HttpKernel/Tests/Profiler/RedisProfilerStorageTest.php,756,24,14,10
src/Symfony/Component/HttpKernel/Tests/Profiler/SqliteProfilerStorageTest.php,1724,11,10,1
src/Symfony/Component/HttpKernel/Tests/TestHttpKernel.php,1122,2,1,1
src/Symfony/Component/HttpKernel/Tests/bootstrap.php,192,2,1,1
src/Symfony/Component/Locale/Resources/data/49/stub/curr/en.php,406,2,1,1
src/Symfony/Component/Locale/Resources/data/49/stub/lang/en.php,2065,17,10,7
src/Symfony/Component/Locale/Resources/data/49/stub/names/en.php,196,23,13,10
src/Symfony/Component/Locale/Resources/data/49/stub/region/en.php,300,16,11,5
src/Symfony/Component/Locale/Resources/data/build-data.php,1123,17,9,8
src/Symfony/Component/Locale/Resources/data/stub/curr/en.php,604,4,4,0
src/Symfony/Component/Locale/Resources/data/stub/lang/en.php,320,2,1,1
src/Symfony/Component/Locale/Resources/data/stub/names/en.php,2069,6,5,1
src/Symfony/Component/Locale/Resources/data/stub/region/en.php,1730,8,2,6
src/Symfony/Component/Locale/Resources/stubs/Collator.php,202,2,1,1
src/Symfony/Component/Locale/Resources/stubs/IntlDateFormatter.php,202,2,1,1
src/Symfony/Component/Locale/Resources/stubs/Locale.php,317,3,0,3
src/Symfony/Component/Locale/Resources/stubs/NumberFormatter.php,318,1,1,0
src/Symfony/Component/Locale/Tests/LocaleTest.php,320,18,10,8
src/Symfony/Component/Locale/Tests/Stub/StubCollatorTest.php,132,2,1,1
src/Symfony/Component/Locale/Tests/Stub/StubIntlDateFormatterTest.php,344,2,2,0
src/Symfony/Component/Locale/Tests/Stub/StubIntlTest.php,763,22,11,11
src/Symfony/Component/Locale/Tests/Stub/StubLocaleTest.php,1711,27,3,24
src/Symfony/Component/Locale/Tests/Stub/StubNumberFormatterTest.php,3096,4,2,2
src/Symfony/Component/Locale/Tests/TestCase.php,1496,28,14,14
src/Symfony/Component/Locale/Tests/bootstrap.php,565,6,4,2
src/Symfony/Component/OptionsResolver/Exception/ExceptionInterface.php,138,2,1,1
src/Symfony/Component/OptionsResolver/Exception/InvalidOptionsException.php,914,4,2,2
src/Symfony/Component/OptionsResolver/Exception/MissingOptionsException.php,2078,4,3,1
src/Symfony/Component/OptionsResolver/Exception/OptionDefinitionException.php,20690,21,10,11
src/Symfony/Component/OptionsResolver/Options.php,225,16,8,8
src/Symfony/Component/OptionsResolver/OptionsResolver.php,3358,2,1,1
src/Symfony/Component/OptionsResolver/OptionsResolverInterface.php,544,2,1,1
src/Symfony/Component/OptionsResolver/Tests/OptionsResolverTest.php,1242,2,1,1
src/Symfony/Component/OptionsResolver/Tests/OptionsTest.php,389,4,1,3
src/Symfony/Component/OptionsResolver/Tests/bootstrap.php,3103,5,2,3
src/Symfony/Component/Process/Exception/ExceptionInterface.php,219,5,3,2
src/Symfony/Component/Process/Exception/ProcessFailedException.php,763,2,1,1
src/Symfony/Component/Process/Exception/RuntimeException.php,1377,6,5,1
src/Symfony/Component/Process/ProcessBuilder.php,138,6,5,1
src/Symfony/Component/Process/Tests/PhpExecutableFinderTest.php,546,6,5,1
src/Symfony/Component/Process/Tests/ProcessBuilderTest.php,1715,3,3,0
src/Symfony/Component/Process/Tests/ProcessFailedExceptionTest.php,278,8,8,0
src/Symfony/Component/Process/Tests/ProcessTest.php,366,63,14,49
src/Symfony/Component/Process/Tests/ProcessTestHelper.php,1126,9,9,0
src/Symfony/Component/Process/Tests/bootstrap.php,813,2,2,0
src/Symfony/Component/Routing/CompiledRoute.php,1126,8,4,4
src/Symfony/Component/Routing/Generator/ConfigurableRequirementsInterface.php,621,2,1,1
src/Symfony/Component/Routing/Loader/ClosureLoader.php,626,37,28,9
src/Symfony/Component/Routing/Loader/PhpFileLoader.php,1129,6,5,1
src/Symfony/Component/Routing/Matcher/RedirectableUrlMatcher.php,1132,3,3,0
src/Symfony/Component/Routing/Matcher/RequestMatcherInterface.php,641,15,15,0
src/Symfony/Component/Routing/Matcher/TraceableUrlMatcher.php,192,8,6,2
src/Symfony/Component/Routing/RouterInterface.php,194,4,1,3
src/Symfony/Component/Routing/Tests/Annotation/RouteTest.php,3358,4,2,2
src/Symfony/Component/Routing/Tests/CompiledRouteTest.php,1113,24,12,12
src/Symfony/Component/Routing/Tests/Fixtures/AnnotatedClasses/AbstractClass.php,1524,2,1,1
src/Symfony/Component/Routing/Tests/Fixtures/AnnotatedClasses/FooClass.php,1524,5,4,1
src/Symfony/Component/Routing/Tests/Fixtures/CustomXmlFileLoader.php,537,6,4,2
src/Symfony/Component/Routing/Tests/Fixtures/RedirectableUrlMatcher.php,340,12,11,1
src/Symfony/Component/Routing/Tests/Fixtures/annotated.php,321,10,3,7
src/Symfony/Component/Routing/Tests/Fixtures/dumper/urlmatcher1.php,3106,2,1,1
src/Symfony/Component/Routing/Tests/Fixtures/dumper/urlmatcher2.php,3102,16,6,10
src/Symfony/Component/Routing/Tests/Fixtures/dumper/urlmatcher3.php,1707,15,3,12
src/Symfony/Component/Routing/Tests/Fixtures/validpattern.php,306,18,18,0
src/Symfony/Component/Routing/Tests/Generator/Dumper/PhpGeneratorDumperTest.php,302,9,6,3
src/Symfony/Component/Routing/Tests/Generator/UrlGeneratorTest.php,293,25,24,1
src/Symfony/Component/Routing/Tests/Loader/AbstractAnnotationLoaderTest.php,409,3,3,0
src/Symfony/Component/Routing/Tests/Loader/AnnotationClassLoaderTest.php,3102,4,2,2
src/Symfony/Component/Routing/Tests/Loader/AnnotationDirectoryLoaderTest.php,1010,2,1,1
src/Symfony/Component/Routing/Tests/Loader/AnnotationFileLoaderTest.php,1041,104,44,60
src/Symfony/Component/Routing/Tests/Loader/ClosureLoaderTest.php,1376,3,1,2
src/Symfony/Component/Routing/Tests/Loader/PhpFileLoaderTest.php,1664,91,24,67
src/Symfony/Component/Routing/Tests/Loader/XmlFileLoaderTest.php,189,2,1,1
src/Symfony/Component/Routing/Tests/Loader/YamlFileLoaderTest.php,1548,43,39,4
src/Symfony/Component/Routing/Tests/Matcher/ApacheUrlMatcherTest.php,692,14,12,2
src/Symfony/Component/Routing/Tests/Matcher/Dumper/ApacheMatcherDumperTest.php,1548,15,8,7
src/Symfony/Component/Routing/Tests/Matcher/Dumper/PhpMatcherDumperTest.php,839,33,30,3
src/Symfony/Component/Routing/Tests/Matcher/RedirectableUrlMatcherTest.php,106,2,1,1
src/Symfony/Component/Routing/Tests/Matcher/TraceableUrlMatcherTest.php,1552,7,6,1
src/Symfony/Component/Routing/Tests/Matcher/UrlMatcherTest.php,1664,5,3,2
src/Symfony/Component/Routing/Tests/RouteCollectionTest.php,821,2,1,1
src/Symfony/Component/Routing/Tests/RouteCompilerTest.php,820,8,4,4
src/Symfony/Component/Routing/Tests/RouteTest.php,1380,13,10,3
src/Symfony/Component/Routing/Tests/bootstrap.php,3098,6,1,5
src/Symfony/Component/Security/Acl/Dbal/Schema.php,3106,14,11,3
src/Symfony/Component/Security/Acl/Domain/DoctrineAclCache.php,1378,9,4,5
src/Symfony/Component/Security/Acl/Domain/FieldEntry.php,96,14,8,6
src/Symfony/Component/Security/Acl/Domain/RoleSecurityIdentity.php,1379,3,2,1
src/Symfony/Component/Security/Acl/Exception/NotAllAclsFoundException.php,75,3,1,2
src/Symfony/Component/Security/Core/Authentication/AuthenticationProviderManager.php,106,3,1,2
src/Symfony/Component/Security/Core/Authentication/AuthenticationTrustResolver.php,1134,10,5,5
src/Symfony/Component/Security/Core/Authentication/Provider/AuthenticationProviderInterface.php,1134,2,1,1
src/Symfony/Component/Security/Core/Authentication/RememberMe/InMemoryTokenProvider.php,98,4,3,1
src/Symfony/Component/Security/Core/Authentication/RememberMe/PersistentToken.php,3359,7,4,3
src/Symfony/Component/Security/Core/AuthenticationEvents.php,1561,2,1,1
src/Symfony/Component/Security/Core/Encoder/MessageDigestPasswordEncoder.php,3359,4,2,2
src/Symfony/Component/Security/Core/Encoder/PlaintextPasswordEncoder.php,254,4,3,1
src/Symfony/Component/Security/Core/Event/AuthenticationEvent.php,384,24,22,2
src/Symfony/Component/Security/Core/Event/AuthenticationFailureEvent.php,1384,11,9,2
src/Symfony/Component/Security/Core/Exception/CookieTheftException.php,1385,7,4,3
src/Symfony/Component/Security/Core/Exception/InvalidCsrfTokenException.php,2078,4,2,2
src/Symfony/Component/Security/Core/Exception/LogoutException.php,2078,4,2,2
src/Symfony/Component/Security/Core/Exception/SessionUnavailableException.php,1385,2,1,1
src/Symfony/Component/Security/Core/User/EquatableInterface.php,1385,2,1,1
src/Symfony/Component/Security/Core/Util/ClassUtils.php,1495,3,2,1
src/Symfony/Component/Security/Core/Validator/Constraint/UserPassword.php,1564,18,13,5
src/Symfony/Component/Security/Core/Validator/Constraint/UserPasswordValidator.php,223,4,4,0
src/Symfony/Component/Security/Http/AccessMap.php,1674,73,48,25
src/Symfony/Component/Security/Http/AccessMapInterface.php,324,4,2,2
src/Symfony/Component/Security/Http/Authentication/DefaultAuthenticationFailureHandler.php,3359,2,1,1
src/Symfony/Component/Security/Http/Authentication/DefaultAuthenticationSuccessHandler.php,455,2,1,1
src/Symfony/Component/Security/Http/Event/InteractiveLoginEvent.php,254,24,12,12
src/Symfony/Component/Security/Http/Firewall/AccessListener.php,1564,114,57,57
src/Symfony/Component/Security/Http/Firewall/ChannelListener.php,564,80,40,40
src/Symfony/Component/Security/Http/FirewallMap.php,3106,10,5,5
src/Symfony/Component/Security/Http/Logout/DefaultLogoutSuccessHandler.php,169,24,12,12
src/Symfony/Component/Security/Http/RememberMe/ResponseListener.php,2373,6,3,3
src/Symfony/Component/Security/Http/Session/SessionAuthenticationStrategy.php,820,16,8,8
src/Symfony/Component/Security/Tests/Acl/Dbal/AclProviderBenchmarkTest.php,1064,4,2,2
src/Symfony/Component/Security/Tests/Acl/Dbal/AclProviderTest.php,1014,13,13,0
src/Symfony/Component/Security/Tests/Acl/Dbal/MutableAclProviderTest.php,208,13,13,0
src/Symfony/Component/Security/Tests/Acl/Domain/AclTest.php,208,13,13,0
src/Symfony/Component/Security/Tests/Acl/Domain/AuditLoggerTest.php,325,13,13,0
src/Symfony/Component/Security/Tests/Acl/Domain/DoctrineAclCacheTest.php,692,4,2,2
src/Symfony/Component/Security/Tests/Acl/Domain/EntryTest.php,1041,2,1,1
src/Symfony/Component/Security/Tests/Acl/Domain/FieldEntryTest.php,163,26,13,13
src/Symfony/Component/Security/Tests/Acl/Domain/ObjectIdentityRetrievalStrategyTest.php,1221,4,2,2
src/Symfony/Component/Security/Tests/Acl/Domain/ObjectIdentityTest.php,537,18,9,9
src/Symfony/Component/Security/Tests/Acl/Domain/PermissionGrantingStrategyTest.php,248,20,10,10
src/Symfony/Component/Security/Tests/Acl/Domain/RoleSecurityIdentityTest.php,1500,32,16,16
src/Symfony/Component/Security/Tests/Acl/Domain/SecurityIdentityRetrievalStrategyTest.php,2080,28,15,13
src/Symfony/Component/Security/Tests/Acl/Domain/UserSecurityIdentityTest.php,479,2,1,1
src/Symfony/Component/Security/Tests/Acl/Permission/BasicPermissionMapTest.php,531,2,1,1
src/Symfony/Component/Security/Tests/Acl/Permission/MaskBuilderTest.php,123,6,3,3
src/Symfony/Component/Security/Tests/Acl/Voter/AclVoterTest.php,197,2,1,1
src/Symfony/Component/Security/Tests/Core/Authentication/AuthenticationProviderManagerTest.php,1495,92,46,46
src/Symfony/Component/Security/Tests/Core/Authentication/AuthenticationTrustResolverTest.php,1385,2,1,1
src/Symfony/Component/Security/Tests/Core/Authentication/Provider/AnonymousAuthenticationProviderTest.php,1244,10,5,5
src/Symfony/Component/Security/Tests/Core/Authentication/Provider/DaoAuthenticationProviderTest.php,278,42,21,21
src/Symfony/Component/Security/Tests/Core/Authentication/Provider/PreAuthenticatedAuthenticationProviderTest.php,860,3,3,0
src/Symfony/Component/Security/Tests/Core/Authentication/Provider/RememberMeAuthenticationProviderTest.php,657,25,25,0
src/Symfony/Component/Security/Tests/Core/Authentication/Provider/UserAuthenticationProviderTest.php,1567,20,13,7
src/Symfony/Component/Security/Tests/Core/Authentication/RememberMe/InMemoryTokenProviderTest.php,864,14,11,3
src/Symfony/Component/Security/Tests/Core/Authentication/RememberMe/PersistentTokenTest.php,1675,5,2,3
src/Symfony/Component/Security/Tests/Core/Authentication/Token/AbstractTokenTest.php,323,3,1,2
src/Symfony/Component/Security/Tests/Core/Authentication/Token/AnonymousTokenTest.php,682,60,26,34
src/Symfony/Component/Security/Tests/Core/Authentication/Token/PreAuthenticatedTokenTest.php,801,54,20,34
src/Symfony/Component/Security/Tests/Core/Authentication/Token/RememerMeTokenTest.php,1529,111,51,60
src/Symfony/Component/Security/Tests/Core/Authentication/Token/UsernamePasswordTokenTest.php,453,38,15,23
src/Symfony/Component/Security/Tests/Core/Authorization/AccessDecisionManagerTest.php,373,43,24,19
src/Symfony/Component/Security/Tests/Core/Authorization/Voter/AuthenticatedVoterTest.php,409,111,29,82
src/Symfony/Component/Security/Tests/Core/Authorization/Voter/RoleHierarchyVoterTest.php,408,1,0,1
src/Symfony/Component/Security/Tests/Core/Authorization/Voter/RoleVoterTest.php,665,19,14,5
src/Symfony/Component/Security/Tests/Core/Encoder/BasePasswordEncoderTest.php,745,58,22,36
src/Symfony/Component/Security/Tests/Core/Encoder/EncoderFactoryTest.php,407,1,0,1
src/Symfony/Component/Security/Tests/Core/Encoder/MessageDigestPasswordEncoderTest.php,403,33,15,18
src/Symfony/Component/Security/Tests/Core/Encoder/PlaintextPasswordEncoderTest.php,661,25,9,16
src/Symfony/Component/Security/Tests/Core/Role/RoleHierarchyTest.php,358,28,12,16
src/Symfony/Component/Security/Tests/Core/Role/RoleTest.php,362,22,13,9
src/Symfony/Component/Security/Tests/Core/Role/SwitchUserRoleTest.php,1558,56,43,13
src/Symfony/Component/Security/Tests/Core/SecurityContextTest.php,1568,20,15,5
src/Symfony/Component/Security/Tests/Core/User/AccountCheckerTest.php,1539,69,16,53
src/Symfony/Component/Security/Tests/Core/User/ChainUserProviderTest.php,1593,43,43,0
src/Symfony/Component/Security/Tests/Core/User/InMemoryProviderTest.php,1495,8,5,3
src/Symfony/Component/Security/Tests/Core/User/UserTest.php,907,66,66,0
src/Symfony/Component/Security/Tests/Core/Util/ClassUtilsTest.php,1675,2,1,1
src/Symfony/Component/Security/Tests/Http/EntryPoint/BasicAuthenticationEntryPointTest.php,3086,40,0,40
src/Symfony/Component/Security/Tests/Http/EntryPoint/DigestAuthenticationEntryPointTest.php,1500,14,12,2
src/Symfony/Component/Security/Tests/Http/EntryPoint/FormAuthenticationEntryPointTest.php,3106,4,2,2
src/Symfony/Component/Security/Tests/Http/EntryPoint/RetryAuthenticationEntryPointTest.php,314,34,13,21
src/Symfony/Component/Security/Tests/Http/Firewall/AccessListenerTest.php,314,2,1,1
src/Symfony/Component/Security/Tests/Http/Firewall/AnonymousAuthenticationListenerTest.php,124,2,1,1
src/Symfony/Component/Security/Tests/Http/Firewall/BasicAuthenticationListenerTest.php,315,6,3,3
src/Symfony/Component/Security/Tests/Http/Firewall/ChannelListenerTest.php,1674,1,0,1
src/Symfony/Component/Security/Tests/Http/Firewall/ContextListenerTest.php,756,3,1,2
src/Symfony/Component/Security/Tests/Http/Firewall/LogoutListenerTest.php,157,6,2,4
src/Symfony/Component/Security/Tests/Http/Firewall/RememberMeListenerTest.php,537,4,2,2
src/Symfony/Component/Security/Tests/Http/FirewallMapTest.php,1494,10,2,8
src/Symfony/Component/Security/Tests/Http/FirewallTest.php,1134,2,1,1
src/Symfony/Component/Security/Tests/Http/HttpUtilsTest.php,637,5,3,2
src/Symfony/Component/Security/Tests/Http/Logout/CookieClearingLogoutHandlerTest.php,509,2,1,1
src/Symfony/Component/Security/Tests/Http/Logout/SessionLogoutHandlerTest.php,580,21,17,4
src/Symfony/Component/Security/Tests/Http/RememberMe/AbstractRememberMeServicesTest.php,2072,10,1,9
src/Symfony/Component/Security/Tests/Http/RememberMe/PersistentTokenBasedRememberMeServicesTest.php,1674,2,1,1
src/Symfony/Component/Security/Tests/Http/RememberMe/TokenBasedRememberMeServicesTest.php,1601,8,7,1
src/Symfony/Component/Security/Tests/bootstrap.php,2072,10,1,9
src/Symfony/Component/Serializer/Encoder/ChainDecoder.php,117,6,4,2
src/Symfony/Component/Serializer/Encoder/ChainEncoder.php,235,2,1,1
src/Symfony/Component/Serializer/Encoder/JsonDecode.php,227,2,1,1
src/Symfony/Component/Serializer/Encoder/JsonEncode.php,280,2,1,1
src/Symfony/Component/Serializer/Encoder/SerializerAwareEncoder.php,238,2,1,1
src/Symfony/Component/Serializer/Exception/Exception.php,323,3,1,2
src/Symfony/Component/Serializer/Exception/InvalidArgumentException.php,216,2,1,1
src/Symfony/Component/Serializer/Exception/LogicException.php,371,2,1,1
src/Symfony/Component/Serializer/Exception/RuntimeException.php,315,2,1,1
src/Symfony/Component/Serializer/Exception/UnexpectedValueException.php,534,7,2,5
src/Symfony/Component/Serializer/Exception/UnsupportedException.php,1225,2,1,1
src/Symfony/Component/Serializer/Normalizer/DenormalizableInterface.php,1384,54,30,24
src/Symfony/Component/Serializer/Normalizer/DenormalizerInterface.php,277,49,42,7
src/Symfony/Component/Serializer/Normalizer/SerializerAwareNormalizer.php,3094,2,1,1
src/Symfony/Component/Serializer/Tests/Encoder/XmlEncoderTest.php,629,13,1,12
src/Symfony/Component/Serializer/Tests/Fixtures/DenormalizableDummy.php,1064,2,1,1
src/Symfony/Component/Serializer/Tests/Fixtures/Dummy.php,1692,39,38,1
src/Symfony/Component/Serializer/Tests/Fixtures/NormalizableTraversableDummy.php,3087,16,4,12
src/Symfony/Component/Serializer/Tests/Fixtures/ScalarDummy.php,577,3,0,3
src/Symfony/Component/Serializer/Tests/Fixtures/TraversableDummy.php,158,2,1,1
src/Symfony/Component/Serializer/Tests/Normalizer/CustomNormalizerTest.php,1155,42,42,0
src/Symfony/Component/Serializer/Tests/Normalizer/GetSetMethodNormalizerTest.php,217,12,3,9
src/Symfony/Component/Serializer/Tests/SerializerTest.php,503,10,2,8
src/Symfony/Component/Serializer/Tests/bootstrap.php,576,5,2,3
src/Symfony/Component/Templating/Asset/PathPackage.php,157,5,2,3
src/Symfony/Component/Templating/DelegatingEngine.php,1691,18,8,10
src/Symfony/Component/Templating/Loader/CacheLoader.php,323,2,1,1
src/Symfony/Component/Templating/Loader/ChainLoader.php,581,53,34,19
src/Symfony/Component/Templating/StreamingEngineInterface.php,590,17,16,1
src/Symfony/Component/Templating/Tests/Fixtures/ProjectTemplateDebugger.php,590,4,2,2
src/Symfony/Component/Templating/Tests/Fixtures/SimpleHelper.php,813,4,2,2
src/Symfony/Component/Templating/Tests/Fixtures/templates/foo.php,823,22,22,0
src/Symfony/Component/Templating/Tests/Helper/AssetsHelperTest.php,1601,2,1,1
src/Symfony/Component/Templating/Tests/Helper/CoreAssetsHelperTest.php,330,7,6,1
src/Symfony/Component/Templating/Tests/Helper/HelperTest.php,508,11,2,9
src/Symfony/Component/Templating/Tests/Helper/SlotsHelperTest.php,1222,2,2,0
src/Symfony/Component/Templating/Tests/Loader/CacheLoaderTest.php,1601,2,1,1
src/Symfony/Component/Templating/Tests/Loader/ChainLoaderTest.php,1593,10,1,9
src/Symfony/Component/Templating/Tests/Loader/FilesystemLoaderTest.php,1497,5,1,4
src/Symfony/Component/Templating/Tests/Loader/LoaderTest.php,914,1,0,1
src/Symfony/Component/Templating/Tests/PhpEngineTest.php,315,2,1,1
src/Symfony/Component/Templating/Tests/Storage/FileStorageTest.php,534,20,5,15
src/Symfony/Component/Templating/Tests/Storage/StorageTest.php,593,5,4,1
src/Symfony/Component/Templating/Tests/Storage/StringStorageTest.php,1717,1,1,0
src/Symfony/Component/Templating/Tests/TemplateNameParserTest.php,275,2,1,1
src/Symfony/Component/Templating/Tests/bootstrap.php,585,28,17,11
src/Symfony/Component/Translation/Dumper/CsvFileDumper.php,1721,6,5,1
src/Symfony/Component/Translation/Dumper/DumperInterface.php,1224,5,5,0
src/Symfony/Component/Translation/Dumper/FileDumper.php,803,10,10,0
src/Symfony/Component/Translation/Dumper/IcuResFileDumper.php,586,10,6,4
src/Symfony/Component/Translation/Dumper/IniFileDumper.php,627,1,1,0
src/Symfony/Component/Translation/Dumper/MoFileDumper.php,186,6,3,3
src/Symfony/Component/Translation/Dumper/PhpFileDumper.php,791,2,1,1
src/Symfony/Component/Translation/Dumper/PoFileDumper.php,1150,17,17,0
src/Symfony/Component/Translation/Dumper/QtFileDumper.php,1216,1,0,1
src/Symfony/Component/Translation/Dumper/XliffFileDumper.php,232,6,6,0
src/Symfony/Component/Translation/Dumper/YamlFileDumper.php,756,2,1,1
src/Symfony/Component/Translation/Extractor/ChainExtractor.php,777,8,4,4
src/Symfony/Component/Translation/Extractor/ExtractorInterface.php,1483,6,3,3
src/Symfony/Component/Translation/Loader/IcuDatFileLoader.php,1566,3,3,0
src/Symfony/Component/Translation/Loader/IcuResFileLoader.php,777,2,1,1
src/Symfony/Component/Translation/Loader/IniFileLoader.php,507,1,1,0
src/Symfony/Component/Translation/Loader/MoFileLoader.php,591,10,8,2
src/Symfony/Component/Translation/Loader/PoFileLoader.php,736,4,2,2
src/Symfony/Component/Translation/Loader/QtTranslationsLoader.php,1565,5,2,3
src/Symfony/Component/Translation/Tests/Dumper/CsvFileDumperTest.php,310,8,7,1
src/Symfony/Component/Translation/Tests/Dumper/IcuResFileDumperTest.php,313,10,8,2
src/Symfony/Component/Translation/Tests/Dumper/IniFileDumperTest.php,306,8,2,6
src/Symfony/Component/Translation/Tests/Dumper/MoFileDumperTest.php,507,2,1,1
src/Symfony/Component/Translation/Tests/Dumper/PhpFileDumperTest.php,1721,2,1,1
src/Symfony/Component/Translation/Tests/Dumper/PoFileDumperTest.php,1721,4,2,2
src/Symfony/Component/Translation/Tests/Dumper/QtFileDumperTest.php,256,42,42,0
src/Symfony/Component/Translation/Tests/Dumper/XliffFileDumperTest.php,3368,9,3,6
src/Symfony/Component/Translation/Tests/Dumper/YamlFileDumperTest.php,1495,9,9,0
src/Symfony/Component/Translation/Tests/IdentityTranslatorTest.php,1499,10,7,3
src/Symfony/Component/Translation/Tests/IntervalTest.php,1151,1,1,0
src/Symfony/Component/Translation/Tests/Loader/CsvFileLoaderTest.php,3017,8,8,0
src/Symfony/Component/Translation/Tests/Loader/IcuDatFileLoaderTest.php,3022,2,2,0
src/Symfony/Component/Translation/Tests/Loader/IcuResFileLoaderTest.php,3030,7,7,0
src/Symfony/Component/Translation/Tests/Loader/IniFileLoaderTest.php,3033,38,27,11
src/Symfony/Component/Translation/Tests/Loader/LocalizedTestCase.php,1498,1,0,1
src/Symfony/Component/Translation/Tests/Loader/MoFileLoaderTest.php,1217,48,22,26
src/Symfony/Component/Translation/Tests/Loader/PhpFileLoaderTest.php,780,5,4,1
src/Symfony/Component/Translation/Tests/Loader/PoFileLoaderTest.php,1565,22,11,11
src/Symfony/Component/Translation/Tests/Loader/QtTranslationsLoaderTest.php,1483,4,2,2
src/Symfony/Component/Translation/Tests/Loader/XliffFileLoaderTest.php,494,2,1,1
src/Symfony/Component/Translation/Tests/Loader/YamlFileLoaderTest.php,367,5,5,0
src/Symfony/Component/Translation/Tests/MessageCatalogueTest.php,3367,5,2,3
src/Symfony/Component/Translation/Tests/MessageSelectorTest.php,1219,3,3,0
src/Symfony/Component/Translation/Tests/PluralizationRulesTest.php,1565,2,1,1
src/Symfony/Component/Translation/Tests/TranslatorTest.php,1386,2,1,1
src/Symfony/Component/Translation/Tests/bootstrap.php,3034,1,1,0
src/Symfony/Component/Translation/Tests/fixtures/resources.php,749,22,22,0
src/Symfony/Component/Translation/Writer/TranslationWriter.php,306,1,1,0
src/Symfony/Component/Validator/ConstraintViolation.php,486,571,346,225
src/Symfony/Component/Validator/ConstraintViolationList.php,1725,4,2,2
src/Symfony/Component/Validator/Constraints/All.php,276,35,35,0
src/Symfony/Component/Validator/Constraints/Blank.php,788,12,12,0
src/Symfony/Component/Validator/Constraints/Choice.php,1352,3,2,1
src/Symfony/Component/Validator/Constraints/Collection.php,1352,4,2,2
src/Symfony/Component/Validator/Constraints/Collection/Optional.php,591,2,1,1
src/Symfony/Component/Validator/Constraints/Collection/Required.php,1725,2,1,1
src/Symfony/Component/Validator/Constraints/Count.php,232,4,2,2
src/Symfony/Component/Validator/Constraints/CountValidator.php,1352,4,2,2
src/Symfony/Component/Validator/Constraints/Country.php,627,19,10,9
src/Symfony/Component/Validator/Constraints/Date.php,499,10,3,7
src/Symfony/Component/Validator/Constraints/DateTime.php,142,9,5,4
src/Symfony/Component/Validator/Constraints/DateTimeValidator.php,496,7,5,2
src/Symfony/Component/Validator/Constraints/Email.php,501,15,13,2
src/Symfony/Component/Validator/Constraints/False.php,1149,2,1,1
src/Symfony/Component/Validator/Constraints/File.php,140,6,6,0
src/Symfony/Component/Validator/Constraints/GroupSequence.php,3034,2,1,1
src/Symfony/Component/Validator/Constraints/GroupSequenceProvider.php,3033,9,4,5
src/Symfony/Component/Validator/Constraints/Image.php,1386,2,1,1
src/Symfony/Component/Validator/Constraints/ImageValidator.php,147,40,40,0
src/Symfony/Component/Validator/Constraints/Language.php,3033,2,1,1
src/Symfony/Component/Validator/Constraints/Length.php,155,2,1,1
src/Symfony/Component/Validator/Constraints/LengthValidator.php,3030,5,0,5
src/Symfony/Component/Validator/Constraints/Locale.php,3030,32,16,16
src/Symfony/Component/Validator/Constraints/Max.php,1091,36,18,18
src/Symfony/Component/Validator/Constraints/MaxLength.php,151,8,6,2
src/Symfony/Component/Validator/Constraints/MaxValidator.php,1725,2,1,1
src/Symfony/Component/Validator/Constraints/Min.php,232,4,2,2
src/Symfony/Component/Validator/Constraints/MinLength.php,1149,6,3,3
src/Symfony/Component/Validator/Constraints/NotBlank.php,3367,2,1,1
src/Symfony/Component/Validator/Constraints/NotNull.php,216,2,1,1
src/Symfony/Component/Validator/Constraints/Null.php,694,2,1,1
src/Symfony/Component/Validator/Constraints/Range.php,150,2,1,1
src/Symfony/Component/Validator/Constraints/RangeValidator.php,207,2,1,1
src/Symfony/Component/Validator/Constraints/Regex.php,3034,7,7,0
src/Symfony/Component/Validator/Constraints/Time.php,2080,2,1,1
src/Symfony/Component/Validator/Constraints/True.php,396,4,2,2
src/Symfony/Component/Validator/Constraints/Type.php,262,20,11,9
src/Symfony/Component/Validator/Constraints/Url.php,275,10,5,5
src/Symfony/Component/Validator/Constraints/Valid.php,287,18,18,0
src/Symfony/Component/Validator/ExecutionContext.php,274,52,28,24
src/Symfony/Component/Validator/GlobalExecutionContext.php,269,22,11,11
src/Symfony/Component/Validator/GroupSequenceProviderInterface.php,501,4,3,1
src/Symfony/Component/Validator/Mapping/Cache/ApcCache.php,2080,2,1,1
src/Symfony/Component/Validator/Mapping/Loader/AbstractLoader.php,909,2,1,1
src/Symfony/Component/Validator/Mapping/Loader/LoaderChain.php,346,7,6,1
src/Symfony/Component/Validator/Mapping/PropertyMetadata.php,350,18,15,3
src/Symfony/Component/Validator/Tests/ConstraintTest.php,191,2,1,1
src/Symfony/Component/Validator/Tests/ConstraintValidatorTest.php,484,2,1,1
src/Symfony/Component/Validator/Tests/ConstraintViolationListTest.php,1070,12,11,1
src/Symfony/Component/Validator/Tests/ConstraintViolationTest.php,2080,2,1,1
src/Symfony/Component/Validator/Tests/Constraints/AllTest.php,3367,2,1,1
src/Symfony/Component/Validator/Tests/Constraints/AllValidatorTest.php,501,2,1,1
src/Symfony/Component/Validator/Tests/Constraints/BlankValidatorTest.php,1565,4,2,2
src/Symfony/Component/Validator/Tests/Constraints/CallbackValidatorTest.php,3368,22,12,10
src/Symfony/Component/Validator/Tests/Constraints/ChoiceValidatorTest.php,3377,10,10,0
src/Symfony/Component/Validator/Tests/Constraints/CollectionTest.php,3381,14,9,5
src/Symfony/Component/Validator/Tests/Constraints/CollectionValidatorArrayObjectTest.php,1389,3,3,0
src/Symfony/Component/Validator/Tests/Constraints/CollectionValidatorArrayTest.php,1389,2,1,1
src/Symfony/Component/Validator/Tests/Constraints/CollectionValidatorCustomArrayObjectTest.php,3381,2,1,1
src/Symfony/Component/Validator/Tests/Constraints/CollectionValidatorTest.php,1553,35,11,24
src/Symfony/Component/Validator/Tests/Constraints/CountValidatorArrayTest.php,232,2,1,1
src/Symfony/Component/Validator/Tests/Constraints/CountValidatorCountableTest.php,227,13,1,12
src/Symfony/Component/Validator/Tests/Constraints/CountValidatorTest.php,1553,2,1,1
src/Symfony/Component/Validator/Tests/Constraints/CountryValidatorTest.php,363,27,22,5
src/Symfony/Component/Validator/Tests/Constraints/DateTimeValidatorTest.php,268,21,11,10
src/Symfony/Component/Validator/Tests/Constraints/DateValidatorTest.php,3041,1,1,0
src/Symfony/Component/Validator/Tests/Constraints/EmailValidatorTest.php,1478,7,0,7
src/Symfony/Component/Validator/Tests/Constraints/FalseValidatorTest.php,1389,2,1,1
src/Symfony/Component/Validator/Tests/Constraints/FileValidatorObjectTest.php,268,2,1,1
src/Symfony/Component/Validator/Tests/Constraints/FileValidatorPathTest.php,287,8,5,3
src/Symfony/Component/Validator/Tests/Constraints/FileValidatorTest.php,287,2,1,1
src/Symfony/Component/Validator/Tests/Constraints/ImageValidatorTest.php,591,8,4,4
src/Symfony/Component/Validator/Tests/Constraints/IpValidatorTest.php,591,8,4,4
src/Symfony/Component/Validator/Tests/Constraints/LanguageValidatorTest.php,1220,1,1,0
src/Symfony/Component/Validator/Tests/Constraints/LengthValidatorTest.php,248,8,5,3
src/Symfony/Component/Validator/Tests/Constraints/LocaleValidatorTest.php,191,2,1,1
src/Symfony/Component/Validator/Tests/Constraints/LocalizedTestCase.php,1091,14,7,7
src/Symfony/Component/Validator/Tests/Constraints/MaxLengthValidatorTest.php,749,2,1,1
src/Symfony/Component/Validator/Tests/Constraints/MaxValidatorTest.php,3043,20,10,10
src/Symfony/Component/Validator/Tests/Constraints/MinLengthValidatorTest.php,3381,2,1,1
src/Symfony/Component/Validator/Tests/Constraints/MinValidatorTest.php,1725,2,1,1
src/Symfony/Component/Validator/Tests/Constraints/NotBlankValidatorTest.php,1395,8,7,1
src/Symfony/Component/Validator/Tests/Constraints/NotNullValidatorTest.php,2990,99,19,80
src/Symfony/Component/Validator/Tests/Constraints/NullValidatorTest.php,1478,10,5,5
src/Symfony/Component/Validator/Tests/Constraints/RangeValidatorTest.php,241,28,16,12
src/Symfony/Component/Validator/Tests/Constraints/RegexValidatorTest.php,1177,2,1,1
src/Symfony/Component/Validator/Tests/Constraints/TimeValidatorTest.php,502,3,2,1
src/Symfony/Component/Validator/Tests/Constraints/TrueValidatorTest.php,113,4,3,1
src/Symfony/Component/Validator/Tests/Constraints/TypeValidatorTest.php,1071,1,1,0
src/Symfony/Component/Validator/Tests/Constraints/UrlValidatorTest.php,246,2,1,1
src/Symfony/Component/Validator/Tests/Constraints/ValidTest.php,2896,6,6,0
src/Symfony/Component/Validator/Tests/ExecutionContextTest.php,166,52,27,25
src/Symfony/Component/Validator/Tests/Fixtures/ClassConstraint.php,174,39,25,14
src/Symfony/Component/Validator/Tests/Fixtures/ConstraintA.php,1495,9,5,4
src/Symfony/Component/Validator/Tests/Fixtures/ConstraintAValidator.php,134,4,2,2
src/Symfony/Component/Validator/Tests/Fixtures/ConstraintB.php,524,12,6,6
src/Symfony/Component/Validator/Tests/Fixtures/ConstraintC.php,3232,20,10,10
src/Symfony/Component/Validator/Tests/Fixtures/Entity.php,1816,5,5,0
src/Symfony/Component/Validator/Tests/Fixtures/EntityInterface.php,349,14,14,0
src/Symfony/Component/Validator/Tests/Fixtures/EntityParent.php,482,6,4,2
src/Symfony/Component/Validator/Tests/Fixtures/FailingConstraint.php,169,24,18,6
src/Symfony/Component/Validator/Tests/Fixtures/FailingConstraintValidator.php,813,8,4,4
src/Symfony/Component/Validator/Tests/Fixtures/FakeClassMetadataFactory.php,126,9,5,4
src/Symfony/Component/Validator/Tests/Fixtures/FilesLoader.php,3235,8,6,2
src/Symfony/Component/Validator/Tests/Fixtures/GroupSequenceProviderEntity.php,1110,11,8,3
src/Symfony/Component/Validator/Tests/Fixtures/InvalidConstraint.php,2332,3,2,1
src/Symfony/Component/Validator/Tests/Fixtures/InvalidConstraintValidator.php,1620,1,1,0
src/Symfony/Component/Validator/Tests/Fixtures/PropertyConstraint.php,2897,9,5,4
src/Symfony/Component/Validator/Tests/Fixtures/Reference.php,1025,13,13,0
src/Symfony/Component/Validator/Tests/GlobalExecutionContextTest.php,3241,6,6,0
src/Symfony/Component/Validator/Tests/GraphWalkerTest.php,1431,2,2,0
src/Symfony/Component/Validator/Tests/Mapping/Cache/ApcCacheTest.php,2897,2,1,1
src/Symfony/Component/Validator/Tests/Mapping/ClassMetadataFactoryTest.php,2081,9,7,2
src/Symfony/Component/Validator/Tests/Mapping/ClassMetadataTest.php,1009,6,5,1
src/Symfony/Component/Validator/Tests/Mapping/ElementMetadataTest.php,325,8,4,4
src/Symfony/Component/Validator/Tests/Mapping/GetterMetadataTest.php,331,16,11,5
src/Symfony/Component/Validator/Tests/Mapping/Loader/AnnotationLoaderTest.php,325,8,1,7
src/Symfony/Component/Validator/Tests/Mapping/Loader/FilesLoaderTest.php,3244,5,5,0
src/Symfony/Component/Validator/Tests/Mapping/Loader/LoaderChainTest.php,171,4,2,2
src/Symfony/Component/Validator/Tests/Mapping/Loader/StaticMethodLoaderTest.php,3246,4,3,1
src/Symfony/Component/Validator/Tests/Mapping/Loader/XmlFileLoaderTest.php,718,4,2,2
src/Symfony/Component/Validator/Tests/Mapping/Loader/YamlFileLoaderTest.php,1620,2,1,1
src/Symfony/Component/Validator/Tests/Mapping/MemberMetadataTest.php,1816,2,1,1
src/Symfony/Component/Validator/Tests/Mapping/PropertyMetadataTest.php,523,6,3,3
src/Symfony/Component/Validator/Tests/ValidatorBuilderTest.php,1410,8,4,4
src/Symfony/Component/Validator/Tests/ValidatorContextTest.php,377,6,3,3
src/Symfony/Component/Validator/Tests/ValidatorFactoryTest.php,560,3,2,1
src/Symfony/Component/Validator/Tests/ValidatorTest.php,1431,2,1,1
src/Symfony/Component/Validator/Tests/bootstrap.php,239,6,4,2
src/Symfony/Component/Validator/Validation.php,1620,2,1,1
src/Symfony/Component/Validator/ValidatorBuilder.php,549,2,1,1
src/Symfony/Component/Validator/ValidatorBuilderInterface.php,1500,2,2,0
src/Symfony/Component/Validator/ValidatorContext.php,715,1,1,0
src/Symfony/Component/Yaml/Tests/DumperTest.php,1325,1,1,0
src/Symfony/Component/Yaml/Tests/InlineTest.php,491,15,11,4
src/Symfony/Component/Yaml/Tests/ParserTest.php,2897,2,1,1
src/Symfony/Component/Yaml/Tests/YamlTest.php,122,12,7,5
src/Symfony/Component/Yaml/Tests/bootstrap.php,366,130,65,65
tests/Symfony/Tests/Bridge/Doctrine/Mapping/Driver/XmlDriverTest.php,1129,12,6,6
tests/Symfony/Tests/Bridge/Doctrine/Mapping/Driver/YamlDriverTest.php,2017,6,4,2
tests/Symfony/Tests/Bridge/Twig/Extension/Fixtures/StubTranslator.php,156,10,5,5
tests/Symfony/Tests/Bridge/Twig/Extension/TranslationExtensionTest.php,3246,23,10,13
tests/Symfony/Tests/Bridge/Twig/TestCase.php,3246,6,3,3
tests/Symfony/Tests/Component/BrowserKit/CookieJarTest.php,1841,37,37,0
tests/Symfony/Tests/Component/BrowserKit/HistoryTest.php,360,18,18,0
tests/Symfony/Tests/Component/BrowserKit/RequestTest.php,3247,37,19,18
tests/Symfony/Tests/Component/BrowserKit/ResponseTest.php,2334,98,50,48
tests/Symfony/Tests/Component/ClassLoader/ApcUniversalClassLoaderTest.php,278,22,12,10
tests/Symfony/Tests/Component/ClassLoader/Fixtures/Apc/Namespaced/Bar.php,248,16,9,7
tests/Symfony/Tests/Component/ClassLoader/Fixtures/Apc/Namespaced/Baz.php,557,37,23,14
tests/Symfony/Tests/Component/ClassLoader/Fixtures/Apc/Namespaced/Foo.php,557,12,6,6
tests/Symfony/Tests/Component/ClassLoader/Fixtures/Apc/Namespaced/FooBar.php,1217,2,1,1
tests/Symfony/Tests/Component/ClassLoader/Fixtures/Apc/alpha/Apc/NamespaceCollision/A/Bar.php,283,2,1,1
tests/Symfony/Tests/Component/ClassLoader/Fixtures/Apc/alpha/Apc/NamespaceCollision/A/Foo.php,121,9,0,9
tests/Symfony/Tests/Component/ClassLoader/Fixtures/Apc/beta/Apc/NamespaceCollision/A/B/Bar.php,429,17,9,8
tests/Symfony/Tests/Component/ClassLoader/Fixtures/Apc/beta/Apc/NamespaceCollision/A/B/Foo.php,711,34,14,20
tests/Symfony/Tests/Component/ClassLoader/Fixtures/Apc/fallback/Namespaced/FooBar.php,543,5,5,0
tests/Symfony/Tests/Component/ClassLoader/Fixtures/Namespaced/Bar.php,4101,102,79,23
tests/Symfony/Tests/Component/ClassLoader/Fixtures/Namespaced/Baz.php,2033,24,21,3
tests/Symfony/Tests/Component/ClassLoader/Fixtures/Namespaced/Foo.php,2082,1,1,0
tests/Symfony/Tests/Component/ClassLoader/Fixtures/alpha/NamespaceCollision/A/Bar.php,1547,8,6,2
tests/Symfony/Tests/Component/ClassLoader/Fixtures/alpha/NamespaceCollision/A/Foo.php,640,4,3,1
tests/Symfony/Tests/Component/ClassLoader/Fixtures/beta/NamespaceCollision/A/B/Bar.php,1202,2,1,1
tests/Symfony/Tests/Component/ClassLoader/Fixtures/beta/NamespaceCollision/A/B/Foo.php,1213,23,19,4
tests/Symfony/Tests/Component/ClassLoader/Fixtures/fallback/Namespaced/FooBar.php,249,3,2,1
tests/Symfony/Tests/Component/ClassLoader/UniversalClassLoaderTest.php,557,4,2,2
tests/Symfony/Tests/Component/Config/Definition/Builder/ArrayNodeDefinitionTest.php,390,9,5,4
tests/Symfony/Tests/Component/Config/Definition/Builder/NodeBuilderTest.php,249,3,2,1
tests/Symfony/Tests/Component/Config/Definition/Builder/TreeBuilderTest.php,557,4,2,2
tests/Symfony/Tests/Component/Config/Definition/FinalizationTest.php,1012,4,4,0
tests/Symfony/Tests/Component/Config/Definition/MergeTest.php,1841,4,2,2
tests/Symfony/Tests/Component/Config/Definition/NormalizationTest.php,309,9,9,0
tests/Symfony/Tests/Component/Config/Definition/ProcessorTest.php,2332,5,1,4
tests/Symfony/Tests/Component/Config/Definition/PrototypedArrayNodeTest.php,377,2,1,1
tests/Symfony/Tests/Component/Config/Definition/ScalarNodeTest.php,1436,5,5,0
tests/Symfony/Tests/Component/Config/FileLocatorTest.php,2897,4,2,2
tests/Symfony/Tests/Component/Config/Fixtures/Builder/BarNodeDefinition.php,122,20,10,10
tests/Symfony/Tests/Component/Config/Fixtures/Builder/NodeBuilder.php,1438,5,5,0
tests/Symfony/Tests/Component/Config/Fixtures/Builder/VariableNodeDefinition.php,125,1,1,0
tests/Symfony/Tests/Component/Config/Loader/LoaderResolverTest.php,715,2,1,1
tests/Symfony/Tests/Component/Config/Resource/FileResourceTest.php,50,2,2,0
tests/Symfony/Tests/Component/Console/Command/ListCommandTest.php,2899,4,3,1
tests/Symfony/Tests/Component/Console/Formatter/OutputFormatterStyleTest.php,2900,3,2,1
tests/Symfony/Tests/Component/Console/Helper/DialogHelperTest.php,2901,1,1,0
tests/Symfony/Tests/Component/Console/Input/ArrayInputTest.php,1441,19,11,8
tests/Symfony/Tests/Component/Console/Input/InputTest.php,2904,15,14,1
tests/Symfony/Tests/Component/Console/Input/StringInputTest.php,1245,15,14,1
tests/Symfony/Tests/Component/Console/Output/ConsoleOutputTest.php,1245,5,3,2
tests/Symfony/Tests/Component/Console/Output/NullOutputTest.php,2340,69,39,30
tests/Symfony/Tests/Component/Console/Output/OutputTest.php,2905,15,8,7
tests/Symfony/Tests/Component/Console/Output/StreamOutputTest.php,1246,11,6,5
tests/Symfony/Tests/Component/Console/Tester/ApplicationTesterTest.php,2372,5,5,0
tests/Symfony/Tests/Component/Console/Tester/CommandTesterTest.php,306,2,1,1
tests/Symfony/Tests/Component/CssSelector/Node/AttribNodeTest.php,307,1,1,0
tests/Symfony/Tests/Component/CssSelector/Node/ClassNodeTest.php,1451,2,1,1
tests/Symfony/Tests/Component/CssSelector/Node/CombinedSelectorNodeTest.php,325,2,1,1
tests/Symfony/Tests/Component/CssSelector/Node/ElementNodeTest.php,557,12,6,6
tests/Symfony/Tests/Component/CssSelector/Node/HashNodeTest.php,25,5,4,1
src/Symfony/Bridge/Doctrine/Tests/Form/DoctrineOrmTypeGuesserTest.php,1500,7,6,1
src/Symfony/Component/Console/Tests/Fixtures/Foo4Command.php,486,6,5,1
src/Symfony/Component/HttpKernel/Exception/AccessDeniedHttpException.php,189,2,1,1
src/Symfony/Component/HttpKernel/Exception/NotFoundHttpException.php,519,21,21,0
src/Symfony/Component/Process/Tests/AbstractProcessTest.php,524,2,1,1
src/Symfony/Component/Process/Tests/ProcessInSigchildEnvironment.php,142,3,3,0
src/Symfony/Component/Process/Tests/SigchildDisabledProcessTest.php,411,21,17,4
src/Symfony/Component/Process/Tests/SigchildEnabledProcessTest.php,2911,10,8,2
src/Symfony/Component/Process/Tests/SimpleProcessTest.php,643,63,43,20
src/Symfony/Component/Templating/Asset/UrlPackage.php,2912,10,6,4
src/Symfony/Component/Templating/Helper/CoreAssetsHelper.php,636,32,16,16
src/Symfony/Bridge/Twig/NodeVisitor/Scope.php,1257,23,20,3
src/Symfony/Bridge/Twig/Tests/NodeVisitor/ScopeTest.php,142,6,3,3
src/Symfony/Bridge/Twig/Tests/NodeVisitor/TranslationDefaultDomainNodeVisitorTest.php,827,2,1,1
src/Symfony/Bridge/Twig/Tests/NodeVisitor/TranslationNodeVisitorTest.php,557,3,2,1
src/Symfony/Bridge/Twig/Tests/NodeVisitor/TwigNodeProvider.php,4114,13,13,0
src/Symfony/Component/ClassLoader/Tests/DebugClassLoaderTest.php,2034,1,1,0
src/Symfony/Component/Console/Input/Input.php,239,31,17,14
src/Symfony/Component/DependencyInjection/Tests/Fixtures/containers/container13.php,524,2,1,1
src/Symfony/Component/DependencyInjection/Tests/Fixtures/containers/container14.php,1444,4,4,0
src/Symfony/Component/DependencyInjection/Tests/Fixtures/php/services9compiled.php,1844,11,8,3
src/Symfony/Component/Form/Tests/Extension/Csrf/EventListener/CsrfValidationListenerTest.php,372,2,1,1
src/Symfony/Component/Form/Tests/FormFactoryBuilderTest.php,370,16,0,16
src/Symfony/Component/Process/PhpProcess.php,161,18,12,6
src/Symfony/Component/Process/Tests/PhpProcessTest.php,166,7,6,1
src/Symfony/Component/Security/Http/SecurityEvents.php,4116,4,3,1
src/Symfony/Component/Security/Tests/Http/Firewall/DigestDataTest.php,4116,4,2,2
src/Symfony/Bundle/TwigBundle/CacheWarmer/TemplateCacheCacheWarmer.php,376,6,5,1
src/Symfony/Component/DomCrawler/Field/FileFormField.php,491,2,1,1
src/Symfony/Component/HttpKernel/HttpCache/EsiResponseCacheStrategy.php,2371,3,1,2
src/Symfony/Component/HttpKernel/Tests/Config/FileLocatorTest.php,166,82,59,23
src/Symfony/Component/Process/Tests/NonStopableProcess.php,1839,15,4,11
src/Symfony/Bridge/Monolog/Logger.php,2084,3,3,0
src/Symfony/Bridge/Propel1/Form/EventListener/TranslationCollectionFormListener.php,242,4,4,0
src/Symfony/Bridge/Propel1/Form/EventListener/TranslationFormListener.php,590,4,4,0
src/Symfony/Bridge/Propel1/Form/Type/TranslationCollectionType.php,172,5,5,0
src/Symfony/Bridge/Propel1/Form/Type/TranslationType.php,379,16,16,0
src/Symfony/Bridge/Propel1/Tests/Fixtures/TranslatableItem.php,804,2,2,0
src/Symfony/Bridge/Propel1/Tests/Fixtures/TranslatableItemI18n.php,65,5,5,0
src/Symfony/Bridge/Propel1/Tests/Form/Type/TranslationCollectionTypeTest.php,1631,124,71,53
src/Symfony/Bridge/Twig/Extension/CodeExtension.php,1631,2,1,1
src/Symfony/Bridge/Twig/Extension/HttpKernelExtension.php,204,6,5,1
src/Symfony/Bridge/Twig/Extension/RoutingExtension.php,204,2,1,1
src/Symfony/Bridge/Twig/Tests/Extension/CodeExtensionTest.php,2337,2,1,1
src/Symfony/Bridge/Twig/Tests/Extension/HttpKernelExtensionTest.php,1634,5,4,1
src/Symfony/Bundle/FrameworkBundle/Controller/TemplateController.php,1839,2,1,1
src/Symfony/Bundle/FrameworkBundle/DependencyInjection/Compiler/AddValidatorInitializersPass.php,724,24,24,0
src/Symfony/Bundle/FrameworkBundle/DependencyInjection/Compiler/FragmentRendererPass.php,3249,15,9,6
src/Symfony/Bundle/FrameworkBundle/Fragment/ContainerAwareHIncludeFragmentRenderer.php,2912,3,2,1
src/Symfony/Bundle/FrameworkBundle/Templating/Debugger.php,139,5,5,0
src/Symfony/Bundle/FrameworkBundle/Templating/Helper/ActionsHelper.php,1012,2,1,1
src/Symfony/Bundle/FrameworkBundle/Templating/Helper/RouterHelper.php,726,6,3,3
src/Symfony/Bundle/FrameworkBundle/Tests/DependencyInjection/Compiler/FragmentRendererPassTest.php,143,1,1,0
src/Symfony/Bundle/FrameworkBundle/Tests/DependencyInjection/Fixtures/php/validationannotations.php,114,2,1,1
src/Symfony/Bundle/FrameworkBundle/Tests/DependencyInjection/YamlFrameworkExtensionTest.php,2912,5,3,2
src/Symfony/Bundle/FrameworkBundle/Tests/Fragments/ContainerAwareHIncludeFragmentRendererTest.php,166,2,1,1
src/Symfony/Bundle/FrameworkBundle/Tests/Functional/Bundle/TestBundle/Controller/ProfilerController.php,4116,4,2,2
src/Symfony/Bundle/FrameworkBundle/Tests/Functional/ProfilerTest.php,111,2,1,1
src/Symfony/Bundle/FrameworkBundle/Tests/Functional/app/Profiler/bundles.php,3250,6,4,2
src/Symfony/Bundle/SecurityBundle/DataCollector/SecurityDataCollector.php,4116,2,1,1
src/Symfony/Bundle/SecurityBundle/DependencyInjection/Security/Factory/X509Factory.php,821,2,1,1
src/Symfony/Bundle/TwigBundle/DependencyInjection/Compiler/TwigLoaderPass.php,1012,2,1,1
src/Symfony/Bundle/TwigBundle/Extension/ActionsExtension.php,3252,37,20,17
src/Symfony/Bundle/TwigBundle/Node/RenderNode.php,827,4,2,2
src/Symfony/Bundle/TwigBundle/Tests/DependencyInjection/Compiler/TwigLoaderPassTest.php,126,6,3,3
src/Symfony/Bundle/TwigBundle/Tests/Loader/FilesystemLoaderTest.php,4117,1,1,0
src/Symfony/Bundle/TwigBundle/Tests/TokenParser/RenderTokenParserTest.php,2339,2,2,0
src/Symfony/Bundle/TwigBundle/TwigBundle.php,2339,4,2,2
src/Symfony/Component/BrowserKit/Request.php,1634,4,2,2
src/Symfony/Component/ClassLoader/Tests/Fixtures/Namespaced/WithComments.php,1025,4,2,2
src/Symfony/Component/ClassLoader/Tests/Fixtures/Pearlike/WithComments.php,239,25,11,14
src/Symfony/Component/ClassLoader/Tests/Fixtures/deps/traits.php,532,181,82,99
src/Symfony/Component/Config/Definition/Builder/FloatNodeDefinition.php,711,4,2,2
src/Symfony/Component/Config/Definition/Builder/IntegerNodeDefinition.php,10,4,2,2
src/Symfony/Component/Config/Definition/Builder/NumericNodeDefinition.php,533,1,1,0
src/Symfony/Component/Config/Definition/FloatNode.php,4115,6,1,5
src/Symfony/Component/Config/Definition/IntegerNode.php,402,4,4,0
src/Symfony/Component/Config/Definition/NumericNode.php,411,7,5,2
src/Symfony/Component/Config/Definition/ReferenceDumper.php,274,4,2,2
src/Symfony/Component/Config/Tests/Definition/Builder/NumericNodeDefinitionTest.php,239,2,1,1
src/Symfony/Component/Config/Tests/Definition/FloatNodeTest.php,3253,2,1,1
src/Symfony/Component/Config/Tests/Definition/IntegerNodeTest.php,237,2,1,1
src/Symfony/Component/Config/Tests/Definition/ReferenceDumperTest.php,1325,4,2,2
src/Symfony/Component/Config/Tests/Fixtures/Configuration/ExampleConfiguration.php,856,2,1,1
src/Symfony/Component/Config/Tests/Util/XmlUtilsTest.php,590,2,1,1
src/Symfony/Component/Config/Util/XmlUtils.php,398,2,1,1
src/Symfony/Component/Console/Helper/ProgressHelper.php,2912,4,2,2
src/Symfony/Component/Console/Tests/Helper/HelperSetTest.php,309,10,5,5
src/Symfony/Component/Console/Tests/Helper/ProgressHelperTest.php,324,25,20,5
src/Symfony/Component/CssSelector/Node/OrNode.php,415,8,6,2
src/Symfony/Component/DependencyInjection/Compiler/MergeExtensionConfigurationPass.php,274,2,1,1
src/Symfony/Component/DependencyInjection/Extension/Extension.php,2371,2,1,1
src/Symfony/Component/DependencyInjection/Extension/PrependExtensionInterface.php,126,2,1,1
src/Symfony/Component/DependencyInjection/Tests/Extension/ExtensionTest.php,372,2,1,1
src/Symfony/Component/DomCrawler/FormFieldRegistry.php,940,2,1,1
src/Symfony/Component/Finder/Adapter/AbstractAdapter.php,386,2,1,1
src/Symfony/Component/Finder/Adapter/AbstractFindAdapter.php,532,2,1,1
src/Symfony/Component/Finder/Adapter/AdapterInterface.php,136,2,1,1
src/Symfony/Component/Finder/Adapter/BsdFindAdapter.php,680,2,1,1
src/Symfony/Component/Finder/Adapter/GnuFindAdapter.php,742,2,1,1
src/Symfony/Component/Finder/Adapter/PhpAdapter.php,291,2,1,1
src/Symfony/Component/Finder/Exception/AdapterFailureException.php,379,2,1,1
src/Symfony/Component/Finder/Exception/ExceptionInterface.php,804,2,1,1
src/Symfony/Component/Finder/Exception/OperationNotPermitedException.php,216,2,1,1
src/Symfony/Component/Finder/Exception/ShellCommandFailureException.php,1547,2,1,1
src/Symfony/Component/Finder/Expression/Expression.php,451,2,1,1
src/Symfony/Component/Finder/Expression/Glob.php,401,2,1,1
src/Symfony/Component/Finder/Expression/Regex.php,190,2,1,1
src/Symfony/Component/Finder/Expression/ValueInterface.php,971,5,3,2
src/Symfony/Component/Finder/Iterator/FilePathsIterator.php,640,2,1,1
src/Symfony/Component/Finder/Iterator/PathFilterIterator.php,971,5,5,0
src/Symfony/Component/Finder/Iterator/RecursiveDirectoryIterator.php,2376,9,7,2
src/Symfony/Component/Finder/Shell/Command.php,2912,2,1,1
src/Symfony/Component/Finder/Shell/Shell.php,1503,5,4,1
src/Symfony/Component/Finder/Tests/Expression/ExpressionTest.php,156,2,2,0
src/Symfony/Component/Finder/Tests/Expression/GlobTest.php,1843,6,5,1
src/Symfony/Component/Finder/Tests/Expression/RegexTest.php,1843,2,1,1
src/Symfony/Component/Finder/Tests/FakeAdapter/DummyAdapter.php,1843,2,1,1
src/Symfony/Component/Finder/Tests/FakeAdapter/FailingAdapter.php,726,2,1,1
src/Symfony/Component/Finder/Tests/FakeAdapter/NamedAdapter.php,533,3,1,2
src/Symfony/Component/Finder/Tests/FakeAdapter/UnsupportedAdapter.php,2912,4,2,2
src/Symfony/Component/Finder/Tests/Iterator/DepthRangeFilterIteratorTest.php,970,3,0,3
src/Symfony/Component/Finder/Tests/Iterator/ExcludeDirectoryFilterIteratorTest.php,411,8,4,4
src/Symfony/Component/Finder/Tests/Iterator/FilePathsIteratorTest.php,1499,14,5,9
src/Symfony/Component/Finder/Tests/Iterator/MockFileListIterator.php,1224,63,49,14
src/Symfony/Component/Finder/Tests/Iterator/MockSplFileInfo.php,167,5,4,1
src/Symfony/Component/Finder/Tests/Iterator/PathFilterIteratorTest.php,827,4,2,2
src/Symfony/Component/Finder/Tests/Iterator/RecursiveDirectoryIteratorTest.php,568,29,17,12
src/Symfony/Component/Form/Exception/AlreadyBoundException.php,192,5,4,1
src/Symfony/Component/Form/Exception/BadMethodCallException.php,114,10,5,5
src/Symfony/Component/Form/Exception/Exception.php,113,11,8,3
src/Symfony/Component/Form/Exception/ExceptionInterface.php,979,1,1,0
src/Symfony/Component/Form/Exception/InvalidConfigurationException.php,127,1,1,0
src/Symfony/Component/Form/Exception/NotInitializedException.php,948,9,9,0
src/Symfony/Component/Form/Exception/NotValidException.php,1219,2,1,1
src/Symfony/Component/Form/Exception/TypeLoaderException.php,1843,2,1,1
src/Symfony/Component/Form/Exception/UnexpectedTypeException.php,77,22,0,22
src/Symfony/Component/Form/Test/DeprecationErrorHandler.php,58,27,0,27
src/Symfony/Component/Form/Test/FormBuilderInterface.php,2916,12,12,0
src/Symfony/Component/Form/Test/FormInterface.php,155,33,25,8
src/Symfony/Component/HttpFoundation/AcceptHeader.php,292,32,29,3
src/Symfony/Component/HttpFoundation/AcceptHeaderItem.php,131,4,4,0
src/Symfony/Component/HttpFoundation/BinaryFileResponse.php,2916,14,7,7
src/Symfony/Component/HttpFoundation/IpUtils.php,366,2,1,1
src/Symfony/Component/HttpFoundation/Tests/AcceptHeaderItemTest.php,404,6,5,1
src/Symfony/Component/HttpFoundation/Tests/AcceptHeaderTest.php,242,8,6,2
src/Symfony/Component/HttpFoundation/Tests/BinaryFileResponseTest.php,533,10,5,5
src/Symfony/Component/HttpFoundation/Tests/IpUtilsTest.php,1565,93,73,20
src/Symfony/Component/HttpFoundation/Tests/ResponseTestCase.php,1449,11,9,2
src/Symfony/Component/HttpKernel/Controller/ControllerReference.php,248,16,11,5
src/Symfony/Component/HttpKernel/Controller/TraceableControllerResolver.php,542,2,1,1
src/Symfony/Component/HttpKernel/DataCollector/LoggerDataCollector.php,1234,18,14,4
src/Symfony/Component/HttpKernel/DataCollector/MemoryDataCollector.php,312,8,7,1
src/Symfony/Component/HttpKernel/Debug/TraceableEventDispatcher.php,311,23,11,12
src/Symfony/Component/HttpKernel/DependencyInjection/ContainerAwareHttpKernel.php,3255,2,2,0
src/Symfony/Component/HttpKernel/EventListener/DeprecationLoggerListener.php,315,4,4,0
src/Symfony/Component/HttpKernel/EventListener/FragmentListener.php,1454,2,1,1
src/Symfony/Component/HttpKernel/Exception/BadRequestHttpException.php,2339,5,2,3
src/Symfony/Component/HttpKernel/Exception/ConflictHttpException.php,2339,1,0,1
src/Symfony/Component/HttpKernel/Exception/FatalErrorException.php,2376,2,1,1
src/Symfony/Component/HttpKernel/Exception/GoneHttpException.php,1236,3,3,0
src/Symfony/Component/HttpKernel/Exception/LengthRequiredHttpException.php,987,28,18,10
src/Symfony/Component/HttpKernel/Exception/NotAcceptableHttpException.php,1240,6,5,1
src/Symfony/Component/HttpKernel/Exception/PreconditionFailedHttpException.php,1843,10,5,5
src/Symfony/Component/HttpKernel/Exception/PreconditionRequiredHttpException.php,848,7,4,3
src/Symfony/Component/HttpKernel/Exception/ServiceUnavailableHttpException.php,2339,4,2,2
src/Symfony/Component/HttpKernel/Exception/TooManyRequestsHttpException.php,114,2,1,1
src/Symfony/Component/HttpKernel/Exception/UnauthorizedHttpException.php,2916,2,1,1
src/Symfony/Component/HttpKernel/Exception/UnsupportedMediaTypeHttpException.php,1843,2,1,1
src/Symfony/Component/HttpKernel/Fragment/EsiFragmentRenderer.php,1411,3,2,1
src/Symfony/Component/HttpKernel/Fragment/FragmentHandler.php,1131,1,1,0
src/Symfony/Component/HttpKernel/Fragment/FragmentRendererInterface.php,1837,2,0,2
src/Symfony/Component/HttpKernel/Fragment/HIncludeFragmentRenderer.php,848,4,2,2
src/Symfony/Component/HttpKernel/Fragment/InlineFragmentRenderer.php,536,6,5,1
src/Symfony/Component/HttpKernel/Fragment/RoutableFragmentRenderer.php,851,12,8,4
src/Symfony/Component/HttpKernel/Tests/Debug/TraceableEventDispatcherTest.php,4115,2,1,1
src/Symfony/Component/HttpKernel/Tests/DependencyInjection/ContainerAwareHttpKernelTest.php,1841,37,23,14
src/Symfony/Component/HttpKernel/Tests/EventListener/FragmentListenerTest.php,1841,2,1,1
src/Symfony/Component/HttpKernel/Tests/Fixtures/ExtensionPresentBundle/Command/BarCommand.php,126,2,1,1
src/Symfony/Component/HttpKernel/Tests/Fragment/EsiFragmentRendererTest.php,127,2,1,1
src/Symfony/Component/HttpKernel/Tests/Fragment/FragmentHandlerTest.php,184,21,21,0
src/Symfony/Component/HttpKernel/Tests/Fragment/HIncludeFragmentRendererTest.php,415,13,6,7
src/Symfony/Component/HttpKernel/Tests/Fragment/InlineFragmentRendererTest.php,177,8,4,4
src/Symfony/Component/HttpKernel/Tests/Fragment/RoutableFragmentRendererTest.php,171,8,4,4
src/Symfony/Component/HttpKernel/Tests/UriSignerTest.php,133,2,1,1
src/Symfony/Component/HttpKernel/UriSigner.php,204,4,2,2
src/Symfony/Component/Process/Exception/InvalidArgumentException.php,72,2,1,1
src/Symfony/Component/Process/Exception/LogicException.php,220,2,1,1
src/Symfony/Component/PropertyAccess/Exception/ExceptionInterface.php,80,16,8,8
src/Symfony/Component/PropertyAccess/Exception/InvalidPropertyPathException.php,19,1,0,1
src/Symfony/Component/PropertyAccess/Exception/NoSuchPropertyException.php,296,1,0,1
src/Symfony/Component/PropertyAccess/Exception/OutOfBoundsException.php,186,1,0,1
src/Symfony/Component/PropertyAccess/Exception/PropertyAccessDeniedException.php,187,10,5,5
src/Symfony/Component/PropertyAccess/Exception/RuntimeException.php,36,10,5,5
src/Symfony/Component/PropertyAccess/Exception/UnexpectedTypeException.php,204,2,1,1
src/Symfony/Component/PropertyAccess/PropertyAccess.php,42,40,32,8
src/Symfony/Component/PropertyAccess/PropertyAccessor.php,61,7,6,1
src/Symfony/Component/PropertyAccess/PropertyAccessorInterface.php,47,3,2,1
src/Symfony/Component/PropertyAccess/PropertyPath.php,197,123,4,119
src/Symfony/Component/PropertyAccess/PropertyPathBuilder.php,126,38,33,5
src/Symfony/Component/PropertyAccess/PropertyPathInterface.php,254,2,0,2
src/Symfony/Component/PropertyAccess/PropertyPathIterator.php,217,17,17,0
src/Symfony/Component/PropertyAccess/PropertyPathIteratorInterface.php,78,3,3,0
src/Symfony/Component/PropertyAccess/StringUtil.php,138,1,1,0
src/Symfony/Component/PropertyAccess/Tests/Fixtures/Author.php,60,3,0,3
src/Symfony/Component/PropertyAccess/Tests/Fixtures/CustomArrayObject.php,28,3,0,3
src/Symfony/Component/PropertyAccess/Tests/Fixtures/Magician.php,203,14,14,0
src/Symfony/Component/PropertyAccess/Tests/PropertyAccessorArrayObjectTest.php,62,2,1,1
src/Symfony/Component/PropertyAccess/Tests/PropertyAccessorArrayTest.php,118,2,1,1
src/Symfony/Component/PropertyAccess/Tests/PropertyAccessorCollectionTest.php,217,14,0,14
src/Symfony/Component/PropertyAccess/Tests/PropertyAccessorCustomArrayObjectTest.php,62,12,10,2
src/Symfony/Component/PropertyAccess/Tests/PropertyAccessorTest.php,259,5,3,2
src/Symfony/Component/PropertyAccess/Tests/PropertyPathBuilderTest.php,303,4,3,1
src/Symfony/Component/PropertyAccess/Tests/PropertyPathTest.php,1300,38,21,17
src/Symfony/Component/PropertyAccess/Tests/StringUtilTest.php,9,2,1,1
src/Symfony/Component/Routing/Exception/MethodNotAllowedException.php,149,9,7,2
src/Symfony/Component/Routing/Matcher/Dumper/DumperCollection.php,345,8,4,4
src/Symfony/Component/Routing/Matcher/Dumper/DumperPrefixCollection.php,271,8,8,0
src/Symfony/Component/Routing/Matcher/Dumper/DumperRoute.php,121,2,1,1
src/Symfony/Component/Routing/Tests/Fixtures/AnnotatedClasses/BarClass.php,93,16,14,2
src/Symfony/Component/Routing/Tests/Matcher/Dumper/DumperCollectionTest.php,2,7,1,6
src/Symfony/Component/Routing/Tests/Matcher/Dumper/DumperPrefixCollectionTest.php,2,20,1,19
src/Symfony/Component/Security/Core/Authorization/AccessDecisionManager.php,2,7,1,6
src/Symfony/Component/Security/Core/Encoder/BCryptPasswordEncoder.php,2,18,1,17
src/Symfony/Component/Security/Core/Encoder/Pbkdf2PasswordEncoder.php,2,7,1,6
src/Symfony/Component/Security/Core/Exception/AccountExpiredException.php,2,22,1,21
src/Symfony/Component/Security/Core/Exception/AccountStatusException.php,30,14,7,7
src/Symfony/Component/Security/Core/Exception/AuthenticationCredentialsNotFoundException.php,38,12,6,6
src/Symfony/Component/Security/Core/Exception/AuthenticationException.php,30,14,7,7
src/Symfony/Component/Security/Core/Exception/AuthenticationServiceException.php,148,2,1,1
src/Symfony/Component/Security/Core/Exception/BadCredentialsException.php,4,4,3,1
src/Symfony/Component/Security/Core/Exception/CredentialsExpiredException.php,4,4,3,1
src/Symfony/Component/Security/Core/Exception/DisabledException.php,4,4,3,1
src/Symfony/Component/Security/Core/Exception/InsufficientAuthenticationException.php,4,4,3,1
src/Symfony/Component/Security/Core/Exception/LockedException.php,4,4,3,1
src/Symfony/Component/Security/Core/Exception/ProviderNotFoundException.php,4,4,3,1
src/Symfony/Component/Security/Core/Exception/TokenNotFoundException.php,82,2,1,1
src/Symfony/Component/Security/Core/Exception/UsernameNotFoundException.php,36,2,1,1
src/Symfony/Component/Security/Core/User/InMemoryUserProvider.php,26,2,1,1
src/Symfony/Component/Security/Core/User/UserChecker.php,24,10,5,5
src/Symfony/Component/Security/Core/Util/SecureRandom.php,177,2,1,1
src/Symfony/Component/Security/Core/Util/SecureRandomInterface.php,172,17,9,8
src/Symfony/Component/Security/Core/Util/StringUtils.php,221,7,4,3
src/Symfony/Component/Security/Core/Validator/Constraints/UserPassword.php,313,10,5,5
src/Symfony/Component/Security/Core/Validator/Constraints/UserPasswordValidator.php,1260,20,20,0
src/Symfony/Component/Security/Http/EntryPoint/BasicAuthenticationEntryPoint.php,313,2,1,1
src/Symfony/Component/Security/Http/Firewall/AnonymousAuthenticationListener.php,224,6,3,3
src/Symfony/Component/Security/Http/Firewall/X509AuthenticationListener.php,35,2,1,1
src/Symfony/Component/Security/Tests/Core/Encoder/BCryptPasswordEncoderTest.php,23,11,11,0
src/Symfony/Component/Security/Tests/Core/Encoder/Pbkdf2PasswordEncoderTest.php,185,3,2,1
src/Symfony/Component/Security/Tests/Core/Util/SecureRandomTest.php,487,15,15,0
src/Symfony/Component/Security/Tests/Core/Util/StringUtilsTest.php,394,9,4,5
src/Symfony/Component/Security/Tests/Core/Validator/Constraints/UserPasswordValidatorTest.php,224,9,4,5
src/Symfony/Component/Serializer/Tests/Encoder/JsonEncoderTest.php,31,2,2,0
src/Symfony/Component/Serializer/Tests/Normalizer/TestDenormalizer.php,40,2,1,1
src/Symfony/Component/Serializer/Tests/Normalizer/TestNormalizer.php,125,5,0,5
src/Symfony/Component/Stopwatch/Stopwatch.php,57,4,2,2
src/Symfony/Component/Stopwatch/StopwatchEvent.php,598,7,5,2
src/Symfony/Component/Stopwatch/StopwatchPeriod.php,85,8,4,4
src/Symfony/Component/Stopwatch/Tests/StopwatchEventTest.php,93,2,1,1
src/Symfony/Component/Stopwatch/Tests/StopwatchTest.php,25,3,3,0
src/Symfony/Component/Translation/Exception/ExceptionInterface.php,33,11,11,0
src/Symfony/Component/Translation/Exception/InvalidResourceException.php,782,11,11,0
src/Symfony/Component/Translation/Exception/NotFoundResourceException.php,25,3,2,1
src/Symfony/Component/Translation/IdentityTranslator.php,33,2,1,1
src/Symfony/Component/Translation/Loader/QtFileLoader.php,782,2,1,1
src/Symfony/Component/Translation/MetadataAwareInterface.php,97,8,4,4
src/Symfony/Component/Translation/Tests/Loader/QtFileLoaderTest.php,40,2,1,1
src/Symfony/Component/Validator/ClassBasedInterface.php,432,34,18,16
src/Symfony/Bridge/Doctrine/Test/DoctrineTestHelper.php,132,3,2,1
src/Symfony/Bridge/Doctrine/Tests/Fixtures/CompositeIntIdEntity.php,83,8,4,4
src/Symfony/Bridge/Doctrine/Tests/Fixtures/CompositeStringIdEntity.php,25,2,1,1
src/Symfony/Bridge/Doctrine/Tests/Fixtures/DoubleNameEntity.php,430,4,2,2
src/Symfony/Bridge/Doctrine/Tests/Fixtures/GroupableEntity.php,331,34,34,0
src/Symfony/Bridge/Doctrine/Tests/Fixtures/SingleIntIdEntity.php,447,35,28,7
src/Symfony/Bridge/Doctrine/Tests/Fixtures/SingleIntIdNoToStringEntity.php,56,14,11,3
src/Symfony/Bridge/Doctrine/Tests/Fixtures/SingleStringIdEntity.php,61,2,1,1
src/Symfony/Bridge/Doctrine/Tests/Fixtures/User.php,61,2,1,1
src/Symfony/Bridge/Doctrine/Tests/Form/ChoiceList/AbstractEntityChoiceListCompositeIdTest.php,12,52,47,5
src/Symfony/Bridge/Doctrine/Tests/Form/ChoiceList/AbstractEntityChoiceListSingleIntIdTest.php,65,11,4,7
src/Symfony/Bridge/Doctrine/Tests/Form/ChoiceList/AbstractEntityChoiceListSingleStringIdTest.php,1356,26,26,0
src/Symfony/Bridge/Doctrine/Tests/Form/ChoiceList/AbstractEntityChoiceListTest.php,48,39,29,10
src/Symfony/Bridge/Doctrine/Tests/Form/ChoiceList/GenericEntityChoiceListTest.php,139,32,20,12
src/Symfony/Bridge/Doctrine/Tests/Form/ChoiceList/LoadedEntityChoiceListCompositeIdTest.php,203,7,3,4
src/Symfony/Bridge/Doctrine/Tests/Form/ChoiceList/LoadedEntityChoiceListSingleIntIdTest.php,131,31,31,0
src/Symfony/Bridge/Doctrine/Tests/Form/ChoiceList/LoadedEntityChoiceListSingleStringIdTest.php,183,2,1,1
src/Symfony/Bridge/Doctrine/Tests/Form/ChoiceList/UnloadedEntityChoiceListCompositeIdTest.php,103,2,1,1
src/Symfony/Bridge/Doctrine/Tests/Form/ChoiceList/UnloadedEntityChoiceListCompositeIdWithQueryBuilderTest.php,1990,85,85,0
src/Symfony/Bridge/Doctrine/Tests/Form/ChoiceList/UnloadedEntityChoiceListSingleIntIdTest.php,11,7,3,4
src/Symfony/Bridge/Doctrine/Tests/Form/ChoiceList/UnloadedEntityChoiceListSingleIntIdWithQueryBuilderTest.php,42,2,1,1
src/Symfony/Bridge/Doctrine/Tests/Form/ChoiceList/UnloadedEntityChoiceListSingleStringIdTest.php,714,22,11,11
src/Symfony/Bridge/Doctrine/Tests/Form/ChoiceList/UnloadedEntityChoiceListSingleStringIdWithQueryBuilderTest.php,101,4,2,2
src/Symfony/Bridge/Monolog/Handler/SwiftMailerHandler.php,53,3,2,1
src/Symfony/Bridge/Twig/Tests/TwigEngineTest.php,132,3,2,1
src/Symfony/Bundle/FrameworkBundle/Templating/Asset/PackageFactory.php,131,4,2,2
src/Symfony/Bundle/FrameworkBundle/Tests/Controller/ControllerTest.php,760,1,0,1
src/Symfony/Bundle/FrameworkBundle/Tests/Functional/Bundle/TestBundle/Controller/FragmentController.php,39,6,3,3
src/Symfony/Bundle/FrameworkBundle/Tests/Functional/FragmentTest.php,1279,1,0,1
src/Symfony/Bundle/FrameworkBundle/Tests/Functional/app/Fragment/bundles.php,57,1,0,1
src/Symfony/Bundle/SecurityBundle/Tests/DependencyInjection/CompleteConfigurationTest.php,187,11,11,0
src/Symfony/Bundle/SecurityBundle/Tests/DependencyInjection/MainConfigurationTest.php,66,4,2,2
src/Symfony/Bundle/SecurityBundle/Tests/DependencyInjection/PhpCompleteConfigurationTest.php,66,4,2,2
src/Symfony/Bundle/SecurityBundle/Tests/DependencyInjection/XmlCompleteConfigurationTest.php,186,2,1,1
src/Symfony/Bundle/SecurityBundle/Tests/DependencyInjection/YamlCompleteConfigurationTest.php,701,25,25,0
src/Symfony/Component/DependencyInjection/Loader/PhpFileLoader.php,53,2,1,1
src/Symfony/Component/Form/Tests/Extension/Core/ChoiceList/AbstractChoiceListTest.php,77,2,1,1
src/Symfony/Component/Form/Tests/Extension/Core/ChoiceList/SimpleNumericChoiceListTest.php,49,2,1,1
src/Symfony/Component/Process/ProcessPipes.php,56,27,22,5
src/Symfony/Component/Process/Tests/PipeStdinInStdoutStdErrStreamSelect.php,93,3,2,1
src/Symfony/Component/Routing/Exception/RouteNotFoundException.php,620,50,48,2
src/Symfony/Component/Security/Tests/Http/Firewall/AbstractPreAuthenticatedListenerTest.php,156,10,10,0
src/Symfony/Component/Security/Tests/Http/Firewall/X509AuthenticationListenerTest.php,89,10,10,0
src/Symfony/Component/Validator/ConstraintValidatorFactory.php,100,10,10,0
src/Symfony/Component/Validator/Tests/Mapping/Loader/AbstractMethodStaticLoader.php,89,10,10,0
src/Symfony/Component/Yaml/Tests/ParseExceptionTest.php,26,8,8,0
src/Symfony/Component/Form/Tests/Extension/Validator/ValidatorTypeGuesserTest.php,16,7,7,0
src/Symfony/Component/Security/Http/EntryPoint/FormAuthenticationEntryPoint.php,34,9,9,0
src/Symfony/Component/Security/Http/Event/SwitchUserEvent.php,183,4,2,2
src/Symfony/Bridge/Doctrine/DependencyInjection/CompilerPass/RegisterMappingsPass.php,152,4,2,2
src/Symfony/Bridge/Doctrine/Security/RememberMe/DoctrineTokenProvider.php,93,2,1,1
src/Symfony/Bridge/ProxyManager/LazyProxy/Instantiator/RuntimeInstantiator.php,81,2,1,1
src/Symfony/Bridge/ProxyManager/LazyProxy/PhpDumper/ProxyDumper.php,104,30,30,0
src/Symfony/Bridge/ProxyManager/Tests/LazyProxy/ContainerBuilderTest.php,104,6,3,3
src/Symfony/Bridge/ProxyManager/Tests/LazyProxy/Dumper/PhpDumperTest.php,96,10,5,5
src/Symfony/Bridge/ProxyManager/Tests/LazyProxy/Fixtures/includes/foo.php,224,10,5,5
src/Symfony/Bridge/ProxyManager/Tests/LazyProxy/Fixtures/php/lazyservice.php,379,10,5,5
src/Symfony/Bridge/ProxyManager/Tests/LazyProxy/Instantiator/RuntimeInstantiatorTest.php,69,6,6,0
src/Symfony/Bridge/ProxyManager/Tests/LazyProxy/PhpDumper/ProxyDumperTest.php,143,6,6,0
src/Symfony/Bridge/Twig/Node/FormEnctypeNode.php,122,8,8,0
src/Symfony/Bridge/Twig/Node/RenderBlockNode.php,62,4,2,2
src/Symfony/Bridge/Twig/Tests/Extension/RoutingExtensionTest.php,63,6,3,3
src/Symfony/Bundle/FrameworkBundle/DependencyInjection/Compiler/ContainerBuilderDebugDumpPass.php,30,4,2,2
src/Symfony/Bundle/FrameworkBundle/DependencyInjection/Compiler/SerializerPass.php,38,4,2,2
src/Symfony/Bundle/FrameworkBundle/Resources/config/routerdev.php,240,2,1,1
src/Symfony/Bundle/FrameworkBundle/Resources/config/routerprod.php,22,6,6,0
src/Symfony/Bundle/FrameworkBundle/Resources/views/Form/buttonattributes.html.php,215,155,135,20
src/Symfony/Bundle/FrameworkBundle/Resources/views/Form/buttonlabel.html.php,378,297,271,26
src/Symfony/Bundle/FrameworkBundle/Resources/views/Form/buttonrow.html.php,133,10,9,1
src/Symfony/Bundle/FrameworkBundle/Resources/views/Form/buttonwidget.html.php,89,1,1,0
src/Symfony/Bundle/FrameworkBundle/Resources/views/Form/form.html.php,36,6,3,3
src/Symfony/Bundle/FrameworkBundle/Resources/views/Form/formend.html.php,648,16,16,0
src/Symfony/Bundle/FrameworkBundle/Resources/views/Form/formstart.html.php,190,10,7,3
src/Symfony/Bundle/FrameworkBundle/Resources/views/Form/resetwidget.html.php,9,2,1,1
src/Symfony/Bundle/FrameworkBundle/Resources/views/Form/submitwidget.html.php,74,6,4,2
src/Symfony/Bundle/FrameworkBundle/Resources/views/FormTable/buttonrow.html.php,43,2,1,1
src/Symfony/Bundle/FrameworkBundle/Templating/TimedPhpEngine.php,21,2,1,1
src/Symfony/Bundle/FrameworkBundle/Tests/DependencyInjection/Compiler/SerializerPassTest.php,1294,2,1,1
src/Symfony/Bundle/FrameworkBundle/Tests/DependencyInjection/Fixtures/php/profiler.php,79,7,5,2
src/Symfony/Bundle/FrameworkBundle/Tests/DependencyInjection/Fixtures/php/session.php,186,2,0,2
src/Symfony/Bundle/FrameworkBundle/Tests/Functional/Bundle/TestBundle/Controller/SubRequestController.php,43,2,1,1
src/Symfony/Bundle/FrameworkBundle/Tests/Functional/SubRequestsTest.php,79,2,1,1
src/Symfony/Bundle/FrameworkBundle/Tests/Templating/TimedPhpEngineTest.php,96,1,1,0
src/Symfony/Bundle/SecurityBundle/Tests/DependencyInjection/PhpSecurityExtensionTest.php,18,10,5,5
src/Symfony/Bundle/SecurityBundle/Tests/DependencyInjection/XmlSecurityExtensionTest.php,37,2,1,1
src/Symfony/Bundle/SecurityBundle/Tests/DependencyInjection/YamlSecurityExtensionTest.php,299,6,6,0
src/Symfony/Bundle/TwigBundle/DependencyInjection/Compiler/ExtensionPass.php,166,2,0,2
src/Symfony/Bundle/TwigBundle/Tests/DependencyInjection/Fixtures/php/customTemplateEscapingGuesser.php,3,2,1,1
src/Symfony/Bundle/TwigBundle/Tests/DependencyInjection/Fixtures/php/empty.php,40,2,1,1
src/Symfony/Component/ClassLoader/MapClassLoader.php,456,1,0,1
src/Symfony/Component/ClassLoader/WinCacheClassLoader.php,10,4,2,2
src/Symfony/Component/Config/Tests/ConfigCacheTest.php,10,4,2,2
src/Symfony/Component/Config/Tests/Loader/FileLoaderTest.php,167,1,1,0
src/Symfony/Component/Console/ConsoleEvents.php,46,2,1,1
src/Symfony/Component/Console/Descriptor/ApplicationDescription.php,46,2,1,1
src/Symfony/Component/Console/Descriptor/Descriptor.php,79,2,1,1
src/Symfony/Component/Console/Descriptor/DescriptorInterface.php,46,2,1,1
src/Symfony/Component/Console/Descriptor/JsonDescriptor.php,267,2,1,1
src/Symfony/Component/Console/Descriptor/MarkdownDescriptor.php,92,2,1,1
src/Symfony/Component/Console/Descriptor/TextDescriptor.php,629,2,1,1
src/Symfony/Component/Console/Descriptor/XmlDescriptor.php,31,2,1,1
src/Symfony/Component/Console/Event/ConsoleCommandEvent.php,506,1,0,1
src/Symfony/Component/Console/Event/ConsoleEvent.php,895,4,2,2
src/Symfony/Component/Console/Event/ConsoleExceptionEvent.php,89,2,1,1
src/Symfony/Component/Console/Event/ConsoleTerminateEvent.php,345,2,1,1
src/Symfony/Component/Console/Helper/DescriptorHelper.php,300,5,1,4
src/Symfony/Component/Console/Helper/Helper.php,202,4,4,0
src/Symfony/Component/Console/Helper/TableHelper.php,145,4,2,2
src/Symfony/Component/Console/Tests/Descriptor/AbstractDescriptorTest.php,70,2,1,1
src/Symfony/Component/Console/Tests/Descriptor/JsonDescriptorTest.php,42,3,2,1
src/Symfony/Component/Console/Tests/Descriptor/MarkdownDescriptorTest.php,10,1,1,0
src/Symfony/Component/Console/Tests/Descriptor/ObjectsProvider.php,48,1,0,1
src/Symfony/Component/Console/Tests/Descriptor/TextDescriptorTest.php,33,1,0,1
src/Symfony/Component/Console/Tests/Descriptor/XmlDescriptorTest.php,495,12,6,6
src/Symfony/Component/Console/Tests/Fixtures/DescriptorApplication1.php,57,2,1,1
src/Symfony/Component/Console/Tests/Fixtures/DescriptorApplication2.php,101,2,1,1
src/Symfony/Component/Console/Tests/Fixtures/DescriptorCommand1.php,51,1,0,1
src/Symfony/Component/Console/Tests/Fixtures/DescriptorCommand2.php,28,2,2,0
src/Symfony/Component/Console/Tests/Helper/TableHelperTest.php,137,2,1,1
src/Symfony/Component/CssSelector/Exception/ExceptionInterface.php,129,5,3,2
src/Symfony/Component/CssSelector/Exception/ExpressionErrorException.php,325,20,10,10
src/Symfony/Component/CssSelector/Exception/InternalErrorException.php,83,1,0,1
src/Symfony/Component/CssSelector/Exception/ParseException.php,18,1,1,0
src/Symfony/Component/CssSelector/Exception/SyntaxErrorException.php,26,1,0,1
src/Symfony/Component/CssSelector/Node/AbstractNode.php,265,4,2,2
src/Symfony/Component/CssSelector/Node/AttributeNode.php,1386,36,36,0
src/Symfony/Component/CssSelector/Node/NegationNode.php,658,4,4,0
src/Symfony/Component/CssSelector/Node/SelectorNode.php,687,4,3,1
src/Symfony/Component/CssSelector/Node/Specificity.php,700,36,8,28
src/Symfony/Component/CssSelector/Parser/Handler/CommentHandler.php,39,4,0,4
src/Symfony/Component/CssSelector/Parser/Handler/HandlerInterface.php,147,12,10,2
src/Symfony/Component/CssSelector/Parser/Handler/HashHandler.php,105,62,56,6
src/Symfony/Component/CssSelector/Parser/Handler/IdentifierHandler.php,163,16,8,8
src/Symfony/Component/CssSelector/Parser/Handler/NumberHandler.php,132,3,3,0
src/Symfony/Component/CssSelector/Parser/Handler/StringHandler.php,61,31,9,22
src/Symfony/Component/CssSelector/Parser/Handler/WhitespaceHandler.php,243,30,20,10
src/Symfony/Component/CssSelector/Parser/Parser.php,386,20,14,6
src/Symfony/Component/CssSelector/Parser/ParserInterface.php,728,39,24,15
src/Symfony/Component/CssSelector/Parser/Reader.php,35,6,5,1
src/Symfony/Component/CssSelector/Parser/Shortcut/ClassParser.php,503,8,7,1
src/Symfony/Component/CssSelector/Parser/Shortcut/ElementParser.php,714,4,3,1
src/Symfony/Component/CssSelector/Parser/Shortcut/EmptyStringParser.php,68,24,13,11
src/Symfony/Component/CssSelector/Parser/Shortcut/HashParser.php,125,3,3,0
src/Symfony/Component/CssSelector/Parser/Token.php,89,2,1,1
src/Symfony/Component/CssSelector/Parser/TokenStream.php,83,1,1,0
src/Symfony/Component/CssSelector/Parser/Tokenizer/Tokenizer.php,116,13,13,0
src/Symfony/Component/CssSelector/Parser/Tokenizer/TokenizerEscaping.php,133,2,1,1
src/Symfony/Component/CssSelector/Parser/Tokenizer/TokenizerPatterns.php,179,8,4,4
src/Symfony/Component/CssSelector/Tests/Node/AbstractNodeTest.php,152,2,1,1
src/Symfony/Component/CssSelector/Tests/Node/AttributeNodeTest.php,282,5,2,3
src/Symfony/Component/CssSelector/Tests/Node/NegationNodeTest.php,674,6,5,1
src/Symfony/Component/CssSelector/Tests/Node/SelectorNodeTest.php,416,10,5,5
src/Symfony/Component/CssSelector/Tests/Node/SpecificityTest.php,176,2,1,1
src/Symfony/Component/CssSelector/Tests/Parser/Handler/AbstractHandlerTest.php,51,3,3,0
src/Symfony/Component/CssSelector/Tests/Parser/Handler/CommentHandlerTest.php,901,5,4,1
src/Symfony/Component/CssSelector/Tests/Parser/Handler/HashHandlerTest.php,674,2,1,1
src/Symfony/Component/CssSelector/Tests/Parser/Handler/IdentifierHandlerTest.php,53,8,4,4
src/Symfony/Component/CssSelector/Tests/Parser/Handler/NumberHandlerTest.php,156,7,7,0
src/Symfony/Component/CssSelector/Tests/Parser/Handler/StringHandlerTest.php,148,20,17,3
src/Symfony/Component/CssSelector/Tests/Parser/Handler/WhitespaceHandlerTest.php,154,5,3,2
src/Symfony/Component/CssSelector/Tests/Parser/ParserTest.php,40,2,1,1
src/Symfony/Component/CssSelector/Tests/Parser/ReaderTest.php,387,6,3,3
src/Symfony/Component/CssSelector/Tests/Parser/Shortcut/ClassParserTest.php,733,13,10,3
src/Symfony/Component/CssSelector/Tests/Parser/Shortcut/ElementParserTest.php,41,15,9,6
src/Symfony/Component/CssSelector/Tests/Parser/Shortcut/EmptyStringParserTest.php,247,3,2,1
src/Symfony/Component/CssSelector/Tests/Parser/Shortcut/HashParserTest.php,67,8,7,1
src/Symfony/Component/CssSelector/Tests/Parser/TokenStreamTest.php,786,2,1,1
src/Symfony/Component/CssSelector/Tests/XPath/TranslatorTest.php,79,2,1,1
src/Symfony/Component/CssSelector/TokenStream.php,509,2,1,1
src/Symfony/Component/CssSelector/XPath/Extension/AbstractExtension.php,777,2,1,1
src/Symfony/Component/CssSelector/XPath/Extension/AttributeMatchingExtension.php,60,2,1,1
src/Symfony/Component/CssSelector/XPath/Extension/CombinationExtension.php,630,1,1,0
src/Symfony/Component/CssSelector/XPath/Extension/ExtensionInterface.php,4,1,0,1
src/Symfony/Component/CssSelector/XPath/Extension/FunctionExtension.php,4,2,0,2
src/Symfony/Component/CssSelector/XPath/Extension/HtmlExtension.php,101,12,12,0
src/Symfony/Component/CssSelector/XPath/Extension/NodeExtension.php,217,12,12,0
src/Symfony/Component/CssSelector/XPath/Extension/PseudoClassExtension.php,112,12,12,0
src/Symfony/Component/CssSelector/XPath/Translator.php,103,12,12,0
src/Symfony/Component/CssSelector/XPath/TranslatorInterface.php,48,2,1,1
src/Symfony/Component/CssSelector/XPath/XPathExpr.php,126,16,15,1
src/Symfony/Component/Debug/Debug.php,571,18,18,0
src/Symfony/Component/Debug/ErrorHandler.php,244,8,6,2
src/Symfony/Component/Debug/Exception/ContextErrorException.php,222,4,2,2
src/Symfony/Component/Debug/Exception/FatalErrorException.php,209,22,22,0
src/Symfony/Component/Debug/Exception/FlattenException.php,94,11,9,2
src/Symfony/Component/Debug/ExceptionHandler.php,80,13,12,1
src/Symfony/Component/Debug/Tests/ErrorHandlerTest.php,94,1,0,1
src/Symfony/Component/Debug/Tests/Exception/FlattenExceptionTest.php,272,1,0,1
src/Symfony/Component/Debug/Tests/ExceptionHandlerTest.php,132,1,1,0
src/Symfony/Component/DependencyInjection/Exception/ParameterCircularReferenceException.php,55,4,2,2
src/Symfony/Component/DependencyInjection/Exception/ParameterNotFoundException.php,52,3,3,0
src/Symfony/Component/DependencyInjection/Exception/ServiceCircularReferenceException.php,196,96,48,48
src/Symfony/Component/DependencyInjection/LazyProxy/Instantiator/InstantiatorInterface.php,21,2,1,1
src/Symfony/Component/DependencyInjection/LazyProxy/Instantiator/RealServiceInstantiator.php,351,45,37,8
src/Symfony/Component/DependencyInjection/LazyProxy/PhpDumper/DumperInterface.php,98,10,6,4
src/Symfony/Component/DependencyInjection/LazyProxy/PhpDumper/NullDumper.php,36,17,16,1
src/Symfony/Component/DependencyInjection/Tests/LazyProxy/Instantiator/RealServiceInstantiatorTest.php,22,12,1,11
src/Symfony/Component/DependencyInjection/Tests/LazyProxy/PhpDumper/NullDumperTest.php,548,8,4,4
src/Symfony/Component/Finder/Exception/AccessDeniedException.php,55,3,3,0
src/Symfony/Component/Form/Button.php,60,3,3,0
src/Symfony/Component/Form/ButtonBuilder.php,45,2,2,0
src/Symfony/Component/Form/ButtonTypeInterface.php,49,1,1,0
src/Symfony/Component/Form/ClickableInterface.php,80,1,1,0
src/Symfony/Component/Form/Exception/AlreadySubmittedException.php,45,1,1,0
src/Symfony/Component/Form/Exception/InvalidArgumentException.php,153,6,6,0
src/Symfony/Component/Form/Exception/LogicException.php,158,13,13,0
src/Symfony/Component/Form/Exception/OutOfBoundsException.php,99,6,2,4
src/Symfony/Component/Form/Exception/RuntimeException.php,215,6,2,4
src/Symfony/Component/Form/Extension/Core/Type/BaseType.php,110,6,2,4
src/Symfony/Component/Form/Extension/Core/Type/ButtonType.php,101,6,2,4
src/Symfony/Component/Form/Extension/Core/Type/CurrencyType.php,7,4,2,2
src/Symfony/Component/Form/Extension/Core/Type/ResetType.php,57,1,1,0
src/Symfony/Component/Form/Extension/Core/Type/SubmitType.php,607,37,37,0
src/Symfony/Component/Form/Extension/HttpFoundation/HttpFoundationRequestHandler.php,54,2,1,1
src/Symfony/Component/Form/Extension/Validator/Type/BaseValidatorExtension.php,516,16,13,3
src/Symfony/Component/Form/Extension/Validator/Type/SubmitTypeValidatorExtension.php,193,2,1,1
src/Symfony/Component/Form/NativeRequestHandler.php,138,12,6,6
src/Symfony/Component/Form/RequestHandlerInterface.php,6,9,9,0
src/Symfony/Component/Form/SubmitButton.php,6,9,9,0
src/Symfony/Component/Form/SubmitButtonBuilder.php,6,9,9,0
src/Symfony/Component/Form/SubmitButtonTypeInterface.php,6,9,9,0
src/Symfony/Component/Form/Test/FormIntegrationTestCase.php,39,12,6,6
src/Symfony/Component/Form/Test/FormPerformanceTestCase.php,109,2,1,1
src/Symfony/Component/Form/Test/TypeTestCase.php,99,2,1,1
src/Symfony/Component/Form/Tests/AbstractRequestHandlerTest.php,5,2,1,1
src/Symfony/Component/Form/Tests/Extension/Core/Type/BaseTypeTest.php,27,2,1,1
src/Symfony/Component/Form/Tests/Extension/Core/Type/ButtonTypeTest.php,93,14,7,7
src/Symfony/Component/Form/Tests/Extension/Core/Type/CurrencyTypeTest.php,23,2,1,1
src/Symfony/Component/Form/Tests/Extension/Core/Type/SubmitTypeTest.php,23,9,9,0
src/Symfony/Component/Form/Tests/Extension/HttpFoundation/HttpFoundationRequestHandlerTest.php,54,9,9,0
src/Symfony/Component/Form/Tests/Extension/Validator/Util/ServerParamsTest.php,8,9,9,0
src/Symfony/Component/Form/Tests/FormRendererTest.php,165,2,1,1
src/Symfony/Component/Form/Tests/NativeRequestHandlerTest.php,229,28,0,28
src/Symfony/Component/Form/Util/InheritDataAwareIterator.php,352,9,5,4
src/Symfony/Component/HttpFoundation/Session/Storage/PhpBridgeSessionStorage.php,299,2,0,2
src/Symfony/Component/HttpFoundation/Tests/Session/Storage/PhpBridgeSessionStorageTest.php,,44,0,44
src/Symfony/Component/HttpKernel/DependencyInjection/RegisterListenersPass.php,571,37,0,37
src/Symfony/Component/HttpKernel/EventListener/ErrorsLoggerListener.php,69,4,1,3
src/Symfony/Component/HttpKernel/Tests/DataCollector/TimeDataCollectorTest.php,252,4,3,1
src/Symfony/Component/HttpKernel/Tests/DependencyInjection/RegisterListenersPassTest.php,247,9,9,0
src/Symfony/Component/Intl/Collator/Collator.php,133,6,3,3
src/Symfony/Component/Intl/DateFormatter/DateFormat/AmPmTransformer.php,105,4,2,2
src/Symfony/Component/Intl/DateFormatter/DateFormat/DayOfWeekTransformer.php,89,44,30,14
src/Symfony/Component/Intl/DateFormatter/DateFormat/DayOfYearTransformer.php,25,4,2,2
src/Symfony/Component/Intl/DateFormatter/DateFormat/DayTransformer.php,88,2,1,1
src/Symfony/Component/Intl/DateFormatter/DateFormat/FullTransformer.php,49,2,0,2
src/Symfony/Component/Intl/DateFormatter/DateFormat/Hour1200Transformer.php,135,2,1,1
src/Symfony/Component/Intl/DateFormatter/DateFormat/Hour1201Transformer.php,89,22,11,11
src/Symfony/Component/Intl/DateFormatter/DateFormat/Hour2400Transformer.php,70,5,5,0
src/Symfony/Component/Intl/DateFormatter/DateFormat/Hour2401Transformer.php,270,2,1,1
src/Symfony/Component/Intl/DateFormatter/DateFormat/HourTransformer.php,701,2,1,1
src/Symfony/Component/Intl/DateFormatter/DateFormat/MinuteTransformer.php,93,2,1,1
src/Symfony/Component/Intl/DateFormatter/DateFormat/MonthTransformer.php,41,6,5,1
src/Symfony/Component/Intl/DateFormatter/DateFormat/QuarterTransformer.php,674,2,1,1
src/Symfony/Component/Intl/DateFormatter/DateFormat/SecondTransformer.php,147,6,3,3
src/Symfony/Component/Intl/DateFormatter/DateFormat/TimeZoneTransformer.php,112,5,1,4
src/Symfony/Component/Intl/DateFormatter/DateFormat/Transformer.php,65,5,1,4
src/Symfony/Component/Intl/DateFormatter/DateFormat/YearTransformer.php,124,17,9,8
src/Symfony/Component/Intl/DateFormatter/IntlDateFormatter.php,27,6,3,3
src/Symfony/Component/Intl/Exception/BadMethodCallException.php,217,7,3,4
src/Symfony/Component/Intl/Exception/ExceptionInterface.php,418,7,3,4
src/Symfony/Component/Intl/Exception/InvalidArgumentException.php,45,17,6,11
src/Symfony/Component/Intl/Exception/MethodArgumentNotImplementedException.php,52,5,4,1
src/Symfony/Component/Intl/Exception/MethodArgumentValueNotImplementedException.php,377,1,0,1
src/Symfony/Component/Intl/Exception/MethodNotImplementedException.php,648,1,0,1
src/Symfony/Component/Intl/Exception/NotImplementedException.php,536,1,0,1
src/Symfony/Component/Intl/Exception/OutOfBoundsException.php,90,2,1,1
src/Symfony/Component/Intl/Exception/RuntimeException.php,649,37,20,17
src/Symfony/Component/Intl/Globals/IntlGlobals.php,1010,19,11,8
src/Symfony/Component/Intl/Intl.php,135,4,4,0
src/Symfony/Component/Intl/Locale/Locale.php,274,2,1,1
src/Symfony/Component/Intl/NumberFormatter/NumberFormatter.php,34,13,9,4
src/Symfony/Component/Intl/ResourceBundle/AbstractBundle.php,58,4,1,3
src/Symfony/Component/Intl/ResourceBundle/Compiler/BundleCompiler.php,62,13,7,6
src/Symfony/Component/Intl/ResourceBundle/Compiler/BundleCompilerInterface.php,55,6,3,3
src/Symfony/Component/Intl/ResourceBundle/CurrencyBundle.php,120,3,3,0
src/Symfony/Component/Intl/ResourceBundle/CurrencyBundleInterface.php,126,28,22,6
src/Symfony/Component/Intl/ResourceBundle/LanguageBundle.php,48,3,3,0
src/Symfony/Component/Intl/ResourceBundle/LanguageBundleInterface.php,55,8,8,0
src/Symfony/Component/Intl/ResourceBundle/LocaleBundle.php,334,2,1,1
src/Symfony/Component/Intl/ResourceBundle/LocaleBundleInterface.php,220,10,7,3
src/Symfony/Component/Intl/ResourceBundle/Reader/AbstractBundleReader.php,167,10,6,4
src/Symfony/Component/Intl/ResourceBundle/Reader/BinaryBundleReader.php,1288,2,1,1
src/Symfony/Component/Intl/ResourceBundle/Reader/BufferedBundleReader.php,44,7,4,3
src/Symfony/Component/Intl/ResourceBundle/Reader/BundleReaderInterface.php,60,7,7,0
src/Symfony/Component/Intl/ResourceBundle/Reader/PhpBundleReader.php,704,20,4,16
src/Symfony/Component/Intl/ResourceBundle/Reader/StructuredBundleReader.php,54,2,2,0
src/Symfony/Component/Intl/ResourceBundle/Reader/StructuredBundleReaderInterface.php,34,4,4,0
src/Symfony/Component/Intl/ResourceBundle/RegionBundle.php,46,7,5,2
src/Symfony/Component/Intl/ResourceBundle/RegionBundleInterface.php,90,3,2,1
src/Symfony/Component/Intl/ResourceBundle/ResourceBundleInterface.php,69,28,2,26
src/Symfony/Component/Intl/ResourceBundle/Transformer/BundleTransformer.php,610,4,2,2
src/Symfony/Component/Intl/ResourceBundle/Transformer/CompilationContext.php,75,5,4,1
src/Symfony/Component/Intl/ResourceBundle/Transformer/CompilationContextInterface.php,93,34,34,0
src/Symfony/Component/Intl/ResourceBundle/Transformer/Rule/CurrencyBundleTransformationRule.php,212,2,1,1
src/Symfony/Component/Intl/ResourceBundle/Transformer/Rule/LanguageBundleTransformationRule.php,644,3,2,1
src/Symfony/Component/Intl/ResourceBundle/Transformer/Rule/LocaleBundleTransformationRule.php,2015,77,51,26
src/Symfony/Component/Intl/ResourceBundle/Transformer/Rule/RegionBundleTransformationRule.php,144,6,4,2
src/Symfony/Component/Intl/ResourceBundle/Transformer/Rule/TransformationRuleInterface.php,75,40,24,16
src/Symfony/Component/Intl/ResourceBundle/Transformer/StubbingContext.php,142,2,1,1
src/Symfony/Component/Intl/ResourceBundle/Transformer/StubbingContextInterface.php,99,6,3,3
src/Symfony/Component/Intl/ResourceBundle/Util/ArrayAccessibleResourceBundle.php,93,2,1,1
src/Symfony/Component/Intl/ResourceBundle/Util/RecursiveArrayAccess.php,65,2,1,1
src/Symfony/Component/Intl/ResourceBundle/Util/RingBuffer.php,21,2,1,1
src/Symfony/Component/Intl/ResourceBundle/Writer/BundleWriterInterface.php,1288,2,1,1
src/Symfony/Component/Intl/ResourceBundle/Writer/PhpBundleWriter.php,93,2,1,1
src/Symfony/Component/Intl/ResourceBundle/Writer/TextBundleWriter.php,50,2,1,1
src/Symfony/Component/Intl/Resources/bin/autoload.php,347,6,3,3
src/Symfony/Component/Intl/Resources/bin/common.php,287,6,3,3
src/Symfony/Component/Intl/Resources/bin/copy-stubs-to-component.php,59,8,4,4
src/Symfony/Component/Intl/Resources/bin/create-stubs.php,88,72,50,22
src/Symfony/Component/Intl/Resources/bin/icu-version.php,75,2,1,1
src/Symfony/Component/Intl/Resources/bin/test-compat.php,66,2,1,1
src/Symfony/Component/Intl/Resources/bin/update-icu-component.php,704,48,35,13
src/Symfony/Component/Intl/Resources/bin/util/test-compat-helper.php,79,4,4,0
src/Symfony/Component/Intl/Resources/stubs/Collator.php,7,12,4,8
src/Symfony/Component/Intl/Resources/stubs/IntlDateFormatter.php,891,8,4,4
src/Symfony/Component/Intl/Resources/stubs/Locale.php,285,27,24,3
src/Symfony/Component/Intl/Resources/stubs/NumberFormatter.php,725,29,29,0
src/Symfony/Component/Intl/Resources/stubs/functions.php,434,28,9,19
src/Symfony/Component/Intl/Tests/Collator/AbstractCollatorTest.php,51,2,1,1
src/Symfony/Component/Intl/Tests/Collator/CollatorTest.php,66,1,1,0
src/Symfony/Component/Intl/Tests/Collator/Verification/CollatorTest.php,181,26,26,0
src/Symfony/Component/Intl/Tests/DateFormatter/AbstractIntlDateFormatterTest.php,726,51,51,0
src/Symfony/Component/Intl/Tests/DateFormatter/IntlDateFormatterTest.php,714,2,1,1
src/Symfony/Component/Intl/Tests/DateFormatter/Verification/IntlDateFormatterTest.php,56,13,13,0
src/Symfony/Component/Intl/Tests/Globals/AbstractIntlGlobalsTest.php,687,2,1,1
src/Symfony/Component/Intl/Tests/Globals/IntlGlobalsTest.php,137,1,1,0
src/Symfony/Component/Intl/Tests/Globals/Verification/IntlGlobalsTest.php,173,11,11,0
src/Symfony/Component/Intl/Tests/Locale/AbstractLocaleTest.php,742,5,2,3
src/Symfony/Component/Intl/Tests/Locale/LocaleTest.php,742,2,1,1
src/Symfony/Component/Intl/Tests/Locale/Verification/LocaleTest.php,209,9,6,3
src/Symfony/Component/Intl/Tests/NumberFormatter/AbstractNumberFormatterTest.php,115,4,4,0
src/Symfony/Component/Intl/Tests/NumberFormatter/NumberFormatterTest.php,246,9,7,2
src/Symfony/Component/Intl/Tests/NumberFormatter/Verification/NumberFormatterTest.php,195,14,14,0
src/Symfony/Component/Intl/Tests/ResourceBundle/AbstractBundleTest.php,243,9,2,7
src/Symfony/Component/Intl/Tests/ResourceBundle/CurrencyBundleTest.php,187,14,0,14
src/Symfony/Component/Intl/Tests/ResourceBundle/LanguageBundleTest.php,224,9,7,2
src/Symfony/Component/Intl/Tests/ResourceBundle/LocaleBundleTest.php,195,14,14,0
src/Symfony/Component/Intl/Tests/ResourceBundle/Reader/AbstractBundleReaderTest.php,934,2,1,1
src/Symfony/Component/Intl/Tests/ResourceBundle/Reader/BinaryBundleReaderTest.php,1506,15,15,0
src/Symfony/Component/Intl/Tests/ResourceBundle/Reader/Fixtures/en.php,274,4,2,2
src/Symfony/Component/Intl/Tests/ResourceBundle/Reader/PhpBundleReaderTest.php,740,53,46,7
src/Symfony/Component/Intl/Tests/ResourceBundle/Reader/StructuredBundleReaderTest.php,383,10,8,2
src/Symfony/Component/Intl/Tests/ResourceBundle/RegionBundleTest.php,649,1,1,0
src/Symfony/Component/Intl/Tests/ResourceBundle/Util/RingBufferTest.php,748,12,3,9
src/Symfony/Component/Intl/Tests/ResourceBundle/Writer/Fixtures/en.php,5,2,1,1
src/Symfony/Component/Intl/Tests/ResourceBundle/Writer/PhpBundleWriterTest.php,,201,0,201
src/Symfony/Component/Intl/Tests/ResourceBundle/Writer/TextBundleWriterTest.php,105,6,3,3
src/Symfony/Component/Intl/Tests/Util/IcuVersionTest.php,97,17,9,8
src/Symfony/Component/Intl/Tests/Util/VersionTest.php,707,4,2,2
src/Symfony/Component/Intl/Util/IcuVersion.php,92,16,8,8
src/Symfony/Component/Intl/Util/IntlTestHelper.php,96,11,11,0
src/Symfony/Component/Intl/Util/SvnCommit.php,11,2,1,1
src/Symfony/Component/Intl/Util/SvnRepository.php,47,5,4,1
src/Symfony/Component/Intl/Util/Version.php,50,12,8,4
src/Symfony/Component/Locale/Exception/MethodNotImplementedException.php,50,2,1,1
src/Symfony/Component/Locale/Stub/DateFormat/AmPmTransformer.php,1521,27,27,0
src/Symfony/Component/Locale/Stub/DateFormat/DayOfWeekTransformer.php,142,12,6,6
src/Symfony/Component/Locale/Stub/DateFormat/DayOfYearTransformer.php,547,3,1,2
src/Symfony/Component/Locale/Stub/DateFormat/QuarterTransformer.php,134,3,2,1
src/Symfony/Component/Process/ProcessUtils.php,130,3,2,1
src/Symfony/Component/Process/Tests/ProcessUtilsTest.php,219,68,41,27
src/Symfony/Component/Process/Tests/SignalListener.php,3,2,1,1
src/Symfony/Component/PropertyAccess/PropertyAccessorBuilder.php,36,4,2,2
src/Symfony/Component/PropertyAccess/Tests/Fixtures/MagicianCall.php,3,2,1,1
src/Symfony/Component/PropertyAccess/Tests/PropertyAccessorBuilderTest.php,90,1,0,1
src/Symfony/Component/Routing/Tests/RouterTest.php,219,2,1,1
src/Symfony/Component/Security/Acl/Permission/BasicPermissionMap.php,21,22,12,10
src/Symfony/Component/Security/Tests/Http/AccessMapTest.php,76,6,4,2
src/Symfony/Component/Security/Tests/Http/Authentication/DefaultAuthenticationFailureHandlerTest.php,550,12,8,4
src/Symfony/Component/Security/Tests/Http/Authentication/DefaultAuthenticationSuccessHandlerTest.php,26,5,3,2
src/Symfony/Component/Security/Tests/Http/Firewall/SwitchUserListenerTest.php,102,2,1,1
src/Symfony/Component/Security/Tests/Http/Logout/DefaultLogoutSuccessHandlerTest.php,428,11,11,0
src/Symfony/Component/Security/Tests/Http/RememberMe/ResponseListenerTest.php,428,2,1,1
src/Symfony/Component/Security/Tests/Http/Session/SessionAuthenticationStrategyTest.php,1284,3,3,0
src/Symfony/Component/Translation/Catalogue/AbstractOperation.php,1373,2,1,1
src/Symfony/Component/Translation/Catalogue/DiffOperation.php,10,2,1,1
src/Symfony/Component/Translation/Catalogue/MergeOperation.php,465,2,2,0
src/Symfony/Component/Translation/Catalogue/OperationInterface.php,706,14,11,3
src/Symfony/Component/Translation/Tests/Catalogue/AbstractOperationTest.php,45,10,2,8
src/Symfony/Component/Translation/Tests/Catalogue/DiffOperationTest.php,274,9,9,0
src/Symfony/Component/Translation/Tests/Catalogue/MergeOperationTest.php,25,4,4,0
src/Symfony/Component/Validator/Constraints/AbstractComparison.php,341,6,3,3
src/Symfony/Component/Validator/Constraints/AbstractComparisonValidator.php,22,4,0,4
src/Symfony/Component/Validator/Constraints/Callback.php,1284,2,1,1
src/Symfony/Component/Validator/Constraints/Currency.php,698,116,24,92
src/Symfony/Component/Validator/Constraints/CurrencyValidator.php,126,2,1,1
src/Symfony/Component/Validator/Constraints/EqualTo.php,115,2,1,1
src/Symfony/Component/Validator/Constraints/EqualToValidator.php,979,49,49,0
src/Symfony/Component/Validator/Constraints/Existence.php,47,11,11,0
src/Symfony/Component/Validator/Constraints/GreaterThan.php,265,4,4,0
src/Symfony/Component/Validator/Constraints/GreaterThanOrEqual.php,594,10,10,0
src/Symfony/Component/Validator/Constraints/GreaterThanOrEqualValidator.php,439,8,8,0
src/Symfony/Component/Validator/Constraints/GreaterThanValidator.php,2034,21,21,0
src/Symfony/Component/Validator/Constraints/Iban.php,1521,8,4,4
src/Symfony/Component/Validator/Constraints/IbanValidator.php,588,14,8,6
src/Symfony/Component/Validator/Constraints/IdenticalTo.php,139,55,20,35
src/Symfony/Component/Validator/Constraints/IdenticalToValidator.php,1274,21,21,0
src/Symfony/Component/Validator/Constraints/Isbn.php,42,15,9,6
src/Symfony/Component/Validator/Constraints/IsbnValidator.php,1317,4,3,1
src/Symfony/Component/Validator/Constraints/Issn.php,208,2,1,1
src/Symfony/Component/Validator/Constraints/IssnValidator.php,285,4,2,2
src/Symfony/Component/Validator/Constraints/LessThan.php,67,6,3,3
src/Symfony/Component/Validator/Constraints/LessThanOrEqual.php,119,62,22,40
src/Symfony/Component/Validator/Constraints/LessThanOrEqualValidator.php,30,4,2,2
src/Symfony/Component/Validator/Constraints/LessThanValidator.php,61,40,30,10
src/Symfony/Component/Validator/Constraints/NotEqualTo.php,55,20,18,2
src/Symfony/Component/Validator/Constraints/NotEqualToValidator.php,1650,152,152,0
src/Symfony/Component/Validator/Constraints/NotIdenticalTo.php,265,2,1,1
src/Symfony/Component/Validator/Constraints/NotIdenticalToValidator.php,85,2,1,1
src/Symfony/Component/Validator/Constraints/Optional.php,42,7,3,4
src/Symfony/Component/Validator/Constraints/Required.php,121,16,14,2
src/Symfony/Component/Validator/Mapping/ClassMetadataFactoryAdapter.php,218,4,2,2
src/Symfony/Component/Validator/Tests/Constraints/AbstractComparisonValidatorTestCase.php,790,160,160,0
src/Symfony/Component/Validator/Tests/Constraints/CurrencyValidatorTest.php,74,2,1,1
src/Symfony/Component/Validator/Tests/Constraints/EqualToValidatorTest.php,52,22,22,0
src/Symfony/Component/Validator/Tests/Constraints/GreaterThanOrEqualValidatorTest.php,55,6,3,3
src/Symfony/Component/Validator/Tests/Constraints/GreaterThanValidatorTest.php,96,2,1,1
src/Symfony/Component/Validator/Tests/Constraints/IbanValidatorTest.php,291,11,9,2
src/Symfony/Component/Validator/Tests/Constraints/IdenticalToValidatorTest.php,707,4,2,2
src/Symfony/Component/Validator/Tests/Constraints/IsbnValidatorTest.php,1762,101,49,52
src/Symfony/Component/Validator/Tests/Constraints/IssnValidatorTest.php,42,7,6,1
src/Symfony/Component/Validator/Tests/Constraints/LessThanOrEqualValidatorTest.php,63,6,6,0
src/Symfony/Component/Validator/Tests/Constraints/LessThanValidatorTest.php,996,24,24,0
src/Symfony/Component/Validator/Tests/Constraints/NotEqualToValidatorTest.php,55,34,29,5
src/Symfony/Component/Validator/Tests/Constraints/NotIdenticalToValidatorTest.php,90,10,10,0
src/Symfony/Component/Validator/Tests/Fixtures/FakeMetadataFactory.php,87,20,20,0
src/Symfony/Component/Validator/ValidationVisitor.php,239,10,10,0
src/Symfony/Component/Validator/ValidationVisitorInterface.php,79,2,1,1