Files,LocFixing,ChurnFxing,AddedFixing,RemovedFixing
lib/Cake/Config/config.php,112,3,2,1
lib/Cake/Console/ConsoleOutput.php,1357,2,0,2
lib/Cake/Test/Case/Model/Datasource/Database/SqliteTest.php,43,4,1,3
lib/Cake/Console/Command/Task/TestTask.php,134,3,0,3
lib/Cake/Console/Templates/skel/Controller/PagesController.php,61,3,0,3
lib/Cake/Controller/PagesController.php,143,2,0,2
lib/Cake/Test/Case/Controller/Component/Auth/ActionsAuthorizeTest.php,125,1,1,0
lib/Cake/Test/Case/Model/DbAclTest.php,48,7,6,1
lib/Cake/Test/Case/View/ScaffoldViewTest.php,146,1,1,0
lib/Cake/Test/testapp/Config/vartest.php,61,11,8,3
lib/Cake/Test/testapp/Config/vartest2.php,46,6,5,1
lib/Cake/TestSuite/templates/phpunit.php,46,14,12,2
lib/Cake/View/ThemeView.php,147,3,2,1
lib/Cake/bootstrap.php,93,25,4,21
lib/Cake/Test/Case/Console/AllConsoleLibsTest.php,20,9,0,9
lib/Cake/Test/Case/Model/models.php,181,6,3,3
lib/Cake/Test/Fixture/TranslateArticleFixture.php,95,4,2,2
lib/Cake/Test/Fixture/TranslatedItemFixture.php,114,3,2,1
lib/Cake/Cache/Engine/XcacheEngine.php,277,14,8,6
lib/Cake/Controller/CakeErrorController.php,150,7,5,2
lib/Cake/Test/Case/View/XmlViewTest.php,58,4,3,1
lib/Cake/Test/testapp/Controller/TestAppsErrorController.php,114,3,2,1
lib/Cake/Test/testapp/Error/TestAppsExceptionRenderer.php,117,4,3,1
lib/Cake/Test/testapp/View/Helper/BananaHelper.php,278,3,2,1
lib/Cake/TestSuite/CakeTestSuiteDispatcher.php,235,4,2,2
lib/Cake/TestSuite/Fixture/CakeFixtureManager.php,1377,63,63,0
app/Config/routes.php,114,2,1,1
lib/Cake/Cache/Engine/WincacheEngine.php,45,4,2,2
lib/Cake/Console/ConsoleErrorHandler.php,231,10,5,5
lib/Cake/Console/Templates/skel/Config/routes.php,143,6,3,3
lib/Cake/Controller/Component/CookieComponent.php,46,2,1,1
lib/Cake/Model/Validator/CakeValidationRule.php,121,36,36,0
lib/Cake/Model/Validator/CakeValidationSet.php,115,2,1,1
lib/Cake/Network/Email/MailTransport.php,2,3,2,1
lib/Cake/Test/Case/Console/ConsoleErrorHandlerTest.php,26,11,5,6
lib/Cake/Test/Case/Network/Email/MailTransportTest.php,101,30,30,0
app/Config/Schema/i18n.php,142,28,27,1
app/Config/acl.php,278,2,1,1
app/Config/bootstrap.php,269,28,26,2
app/Config/core.php,111,25,20,5
lib/Cake/Console/Command/Task/TemplateTask.php,12,1,0,1
lib/Cake/Console/Templates/skel/Config/Schema/i18n.php,41,2,1,1
lib/Cake/Console/Templates/skel/Config/bootstrap.php,268,1,0,1
lib/Cake/Console/Templates/skel/Config/core.php,78,4,2,2
lib/Cake/Controller/Component/Auth/BaseAuthenticate.php,152,7,4,3
lib/Cake/Controller/Component/Auth/DigestAuthenticate.php,310,3,2,1
lib/Cake/Event/CakeEvent.php,141,4,1,3
lib/Cake/Event/CakeEventManager.php,158,2,1,1
lib/Cake/Model/ConnectionManager.php,86,4,2,2
lib/Cake/Network/Http/HttpResponse.php,276,4,0,4
lib/Cake/Test/Case/Controller/ScaffoldTest.php,1424,2,1,1
lib/Cake/Test/Case/Model/Behavior/TreeBehaviorUuidTest.php,279,5,4,1
lib/Cake/Test/Case/Model/Datasource/DataSourceTest.php,46,1,1,0
lib/Cake/Test/Case/Model/Validator/CakeValidationRuleTest.php,53,1,1,0
lib/Cake/Test/Case/TestSuite/CakeTestSuiteTest.php,115,1,1,0
lib/Cake/Test/Case/View/MediaViewTest.php,73,1,1,0
lib/Cake/Test/Fixture/FlagTreeFixture.php,34,60,30,30
/testapp/Plugin/TestPlugin/Controller/TestPluginAppController.php,150,7,2,5
lib/Cake/TestSuite/CakeTestRunner.php,58,1,1,0
lib/Cake/TestSuite/templates/menu.php,114,5,2,3
lib/Cake/View/Helper/SessionHelper.php,118,5,3,2
lib/Cake/View/Helper/TextHelper.php,311,12,7,5
lib/Cake/View/JsonView.php,158,1,1,0
lib/Cake/View/ViewBlock.php,112,1,1,0
app/webroot/index.php,121,2,2,0
lib/Cake/Console/Command/ServerShell.php,17,16,8,8
lib/Cake/Console/Templates/skel/webroot/index.php,24,8,5,3
lib/Cake/Controller/ComponentCollection.php,24,1,1,0
lib/Cake/Test/Case/AllDbRelatedTest.php,47,4,3,1
lib/Cake/Test/Case/Console/Command/ApiShellTest.php,124,7,5,2
lib/Cake/Test/Case/Model/Behavior/AclBehaviorTest.php,54,3,2,1
lib/Cake/Test/Case/Model/Behavior/TreeBehaviorAfterTest.php,29,3,1,2
lib/Cake/Test/Case/Network/Email/DebugTransportTest.php,141,3,2,1
lib/Cake/Test/Case/Network/Http/DigestAuthenticationTest.php,21,1,1,0
lib/Cake/Test/Case/Routing/Filter/AssetDispatcherTest.php,232,8,2,6
lib/Cake/Test/Fixture/AcoTwoFixture.php,70,1,1,0
lib/Cake/Test/Fixture/AroTwoFixture.php,121,3,2,1
lib/Cake/Test/Fixture/NumberTreeFixture.php,48,5,5,0
lib/Cake/Test/Fixture/NumberTreeTwoFixture.php,134,2,2,0
lib/Cake/Test/Fixture/UnconventionalTreeFixture.php,61,4,2,2
app/Controller/PagesController.php,152,4,2,2
lib/Cake/Config/routes.php,34,4,1,3
lib/Cake/Network/Email/SmtpTransport.php,19,3,2,1
lib/Cake/Network/Http/HttpSocketResponse.php,39,73,38,35
lib/Cake/Test/Case/Controller/ComponentTest.php,67,4,2,2
lib/Cake/Test/Case/Controller/ControllerMergeVarsTest.php,84,4,3,1
lib/Cake/Test/Case/Routing/Route/RedirectRouteTest.php,93,3,3,0
lib/Cake/Test/testapp/Controller/PagesController.php,20,2,1,1
lib/Cake/Test/testapp/Controller/TestsAppsController.php,181,3,3,0
lib/Cake/Cache/Engine/MemcacheEngine.php,62,1,1,0
lib/Cake/Cache/Engine/RedisEngine.php,136,10,5,5
lib/Cake/Console/Command/CommandListShell.php,36,2,1,1
lib/Cake/Console/Command/CompletionShell.php,268,16,8,8
lib/Cake/Console/Command/I18nShell.php,283,19,10,9
lib/Cake/Console/Command/Task/CommandTask.php,78,2,1,1
lib/Cake/Console/Command/Task/PluginTask.php,95,4,2,2
lib/Cake/Console/Command/TestsuiteShell.php,39,16,8,8
lib/Cake/Console/Templates/skel/Test/Case/AllTestsTest.php,276,38,20,18
lib/Cake/Routing/Dispatcher.php,23,2,1,1
lib/Cake/Routing/DispatcherFilter.php,146,16,8,8
lib/Cake/Routing/Filter/AssetDispatcher.php,35,18,0,18
lib/Cake/Test/Case/Console/Command/CommandListShellTest.php,1474,322,242,80
lib/Cake/Test/Case/Console/Command/Task/CommandTaskTest.php,28,11,8,3
lib/Cake/Test/Case/TestSuite/Fixture/CakeFixtureManagerTest.php,55,3,2,1
lib/Cake/Test/Fixture/DatatypeFixture.php,1484,36,35,1
lib/Cake/Test/Fixture/UnsignedFixture.php,154,4,3,1
lib/Cake/TestSuite/Coverage/BaseCoverageReport.php,24,2,1,1
lib/Cake/View/XmlView.php,1484,10,5,5
lib/Cake/Console/HelpFormatter.php,1485,11,9,2
lib/Cake/Test/Fixture/AfterTreeFixture.php,13,7,4,3
lib/Cake/Test/Fixture/DependencyFixture.php,32,36,18,18
lib/Cake/Test/Fixture/TagFixture.php,1489,16,16,0
lib/Cake/Model/Behavior/AclBehavior.php,1489,2,1,1
lib/Cake/Test/Case/Event/CakeEventTest.php,80,33,27,6
lib/Cake/Test/Case/Network/Http/BasicAuthenticationTest.php,141,20,8,12
lib/Cake/Test/Case/Controller/PagesControllerTest.php,27,9,6,3
lib/Cake/Test/Case/Utility/ClassRegistryTest.php,157,7,5,2
lib/Cake/TestSuite/CakeTestCase.php,84,19,19,0
lib/Cake/Utility/Security.php,313,1,1,0
lib/Cake/Test/Case/AllControllerTest.php,328,31,31,0
lib/Cake/Test/Case/Controller/ApplicationControllerTest.php,139,11,11,0
src/Cache/Engine/XcacheEngine.php,140,12,12,0
src/Datasource/EntityInterface.php,1498,2,1,1
src/Error/BaseErrorHandler.php,328,7,4,3
src/I18n/Formatter/IcuFormatter.php,43,2,1,1
src/Mailer/Transport/SmtpTransport.php,144,4,4,0
src/Network/Session/CacheSession.php,38,4,4,0
src/Network/Session/DatabaseSession.php,63,17,17,0
src/ORM/Association/SelectableAssociationTrait.php,43,2,1,1
src/ORM/EagerLoadable.php,79,1,1,0
src/ORM/LazyEagerLoader.php,77,6,6,0
src/Routing/Route/DashedRoute.php,11,10,5,5
src/Routing/Route/PluginShortRoute.php,32,2,2,0
src/Shell/CompletionShell.php,98,3,1,2
src/Shell/I18nShell.php,17,5,4,1
src/View/Form/FormContext.php,17,5,4,1
tests/TestCase/Database/Expression/QueryExpressionTest.php,34,3,2,1
tests/TestCase/Network/Session/DatabaseSessionTest.php,52,2,1,1
tests/TestCase/Shell/CommandListShellTest.php,126,2,1,1
tests/TestCase/Shell/I18nShellTest.php,140,9,5,4
tests/TestCase/TestSuite/FixtureManagerTest.php,24,2,2,0
tests/TestCase/View/Form/FormContextTest.php,249,122,47,75
tests/testapp/Plugin/TestPlugin/src/Shell/SampleShell.php,31,2,0,2
tests/testapp/Plugin/TestPluginTwo/src/Shell/ExampleShell.php,182,1,1,0
tests/testapp/Plugin/TestPluginTwo/src/Shell/UniqueShell.php,83,1,0,1
tests/testapp/TestApp/Auth/TestAuthenticate.php,82,1,0,1
tests/testapp/TestApp/Controller/RequestActionController.php,25,18,9,9
tests/testapp/TestApp/Shell/SampleShell.php,172,5,4,1
tests/testapp/TestApp/Shell/Task/SampleTask.php,44,4,3,1
src/Collection/CollectionTrait.php,44,4,3,1
src/Database/Expression/Comparison.php,163,7,2,5
src/Database/Type/DecimalType.php,144,6,3,3
src/Database/Type/FloatType.php,93,6,3,3
src/Database/ValueBinder.php,79,6,3,3
src/Datasource/RepositoryInterface.php,91,4,2,2
src/Error/Middleware/ErrorHandlerMiddleware.php,140,20,10,10
src/Http/CallbackStream.php,14,8,4,4
src/Http/Client.php,96,2,1,1
src/Http/Client/Adapter/Stream.php,98,6,3,3
src/Http/Client/Auth/Basic.php,1498,2,1,1
src/Http/Client/Auth/Digest.php,226,4,2,2
src/Http/Client/Auth/Oauth.php,1502,10,10,0
src/Http/Client/CookieCollection.php,39,5,5,0
src/Http/Client/FormData.php,75,5,3,2
src/Http/Client/FormDataPart.php,42,3,3,0
src/Http/Client/Request.php,17,8,2,6
src/Http/ResponseTransformer.php,40,2,1,1
src/Http/Server.php,24,1,0,1
src/I18n/DateFormatTrait.php,42,20,13,7
src/Mailer/Transport/DebugTransport.php,17,8,2,6
src/ORM/AssociationCollection.php,40,2,1,1
src/Routing/Middleware/RoutingMiddleware.php,24,18,12,6
src/Routing/RouteCollection.php,42,7,5,2
src/Shell/CacheShell.php,112,5,3,2
tests/Fixture/DatatypesFixture.php,42,4,2,2
tests/TestCase/Collection/CollectionTest.php,42,4,2,2
tests/TestCase/Controller/Component/PaginatorComponentTest.php,16,2,1,1
tests/TestCase/Database/QueryTest.php,40,2,1,1
tests/TestCase/Database/Type/DecimalTypeTest.php,144,2,1,1
tests/TestCase/Database/Type/FloatTypeTest.php,79,2,1,1
tests/TestCase/Database/TypeTest.php,16,2,1,1
tests/TestCase/Error/ExceptionRendererTest.php,40,2,1,1
tests/TestCase/Error/Middleware/ErrorHandlerMiddlewareTest.php,137,6,3,3
tests/TestCase/Event/EventManagerTest.php,140,6,3,3
tests/TestCase/Http/ServerTest.php,14,8,4,4
tests/TestCase/Http/servermocks.php,166,6,6,0
tests/TestCase/I18n/Formatter/IcuFormatterTest.php,166,5,3,2
tests/TestCase/I18n/I18nTest.php,129,12,10,2
tests/TestCase/Network/Http/Adapter/StreamTest.php,138,5,3,2
tests/TestCase/Network/Http/Auth/DigestTest.php,128,1,0,1
tests/TestCase/Network/Http/Auth/OauthTest.php,138,4,2,2
tests/TestCase/Network/Http/ClientTest.php,142,7,5,2
tests/TestCase/Network/Http/CookieCollectionTest.php,154,6,6,0
tests/TestCase/Network/Http/FormDataTest.php,39,6,0,6
tests/TestCase/Network/Http/RequestTest.php,39,6,0,6
tests/TestCase/Network/Http/ResponseTest.php,127,3,1,2
tests/TestCase/ORM/QueryRegressionTest.php,39,6,3,3
tests/TestCase/ORM/QueryTest.php,39,6,3,3
tests/TestCase/ORM/TableRegistryTest.php,157,3,3,0
tests/TestCase/ORM/TableTest.php,1502,2,1,1
tests/TestCase/Routing/Middleware/RoutingMiddlewareTest.php,46,2,1,1
tests/TestCase/Routing/RouteBuilderTest.php,96,2,1,1
tests/TestCase/Routing/RouterTest.php,85,17,17,0
tests/TestCase/Validation/ValidationTest.php,138,10,7,3
tests/TestCase/View/Form/EntityContextTest.php,95,2,1,1
tests/TestCase/View/Helper/FormHelperTest.php,58,2,1,1
tests/TestCase/View/ViewTest.php,75,2,1,1
tests/testapp/TestApp/Controller/PagesController.php,17,2,1,1
tests/testapp/TestApp/Http/CompatAuth.php,16,2,1,1
config/bootstrap.php,16,2,1,1
config/config.php,39,2,1,1
src/Auth/AbstractPasswordHasher.php,4,2,1,1
src/Auth/BaseAuthenticate.php,24,2,1,1
src/Auth/BaseAuthorize.php,42,3,2,1
src/Auth/BasicAuthenticate.php,144,2,1,1
src/Auth/ControllerAuthorize.php,93,2,1,1
src/Auth/DefaultPasswordHasher.php,79,2,1,1
src/Auth/DigestAuthenticate.php,91,2,1,1
src/Auth/FallbackPasswordHasher.php,3,3,2,1
src/Auth/FormAuthenticate.php,34,2,1,1
src/Auth/PasswordHasherFactory.php,95,2,1,1
src/Auth/Storage/MemoryStorage.php,58,2,1,1
src/Auth/Storage/SessionStorage.php,75,2,1,1
src/Auth/Storage/StorageInterface.php,132,2,1,1
src/Auth/WeakPasswordHasher.php,117,2,1,1
src/Cache/CacheRegistry.php,329,2,1,1
src/Cache/Engine/ApcEngine.php,48,2,1,1
src/Cache/Engine/WincacheEngine.php,38,3,2,1
src/Collection/Collection.php,116,3,2,1
src/Collection/CollectionInterface.php,121,3,2,1
src/Collection/ExtractTrait.php,17,2,1,1
src/Collection/Iterator/BufferedIterator.php,16,2,1,1
src/Collection/Iterator/ExtractIterator.php,39,2,1,1
src/Collection/Iterator/FilterIterator.php,4,3,2,1
src/Collection/Iterator/InsertIterator.php,24,3,2,1
src/Collection/Iterator/MapReduce.php,42,3,2,1
src/Collection/Iterator/NestIterator.php,21,2,1,1
src/Collection/Iterator/NoChildrenIterator.php,63,3,2,1
src/Collection/Iterator/ReplaceIterator.php,126,2,1,1
src/Collection/Iterator/SortIterator.php,55,2,1,1
src/Collection/Iterator/StoppableIterator.php,29,2,1,1
src/Collection/Iterator/TreeIterator.php,141,2,1,1
src/Collection/Iterator/TreePrinter.php,72,3,2,1
src/Collection/Iterator/UnfoldIterator.php,127,2,1,1
src/Collection/Iterator/ZipIterator.php,137,2,1,1
src/Collection/functions.php,140,2,1,1
src/Console/ConsoleErrorHandler.php,25,2,1,1
src/Console/ConsoleInput.php,138,2,1,1
src/Console/ConsoleInputArgument.php,9,3,2,1
src/Console/ConsoleInputOption.php,227,2,1,1
src/Console/ConsoleInputSubcommand.php,14,2,1,1
src/Console/ConsoleOutput.php,96,2,1,1
src/Console/Exception/ConsoleException.php,11,2,1,1
src/Console/Exception/MissingHelperException.php,15,2,1,1
src/Console/Exception/MissingShellException.php,56,2,1,1
src/Console/Exception/MissingShellMethodException.php,59,13,11,2
src/Console/Exception/MissingTaskException.php,63,2,1,1
src/Console/Exception/StopException.php,112,7,6,1
src/Console/HelpFormatter.php,90,2,1,1
src/Console/Helper.php,93,4,2,2
src/Console/HelperRegistry.php,20,2,1,1
src/Console/TaskRegistry.php,182,3,2,1
src/Controller/Component.php,28,2,1,1
src/Controller/Component/CookieComponent.php,277,3,1,2
src/Controller/Component/CsrfComponent.php,23,3,1,2
src/Controller/ComponentRegistry.php,172,2,1,1
src/Controller/ErrorController.php,147,2,1,1
src/Controller/Exception/MissingActionException.php,98,2,1,1
src/Controller/Exception/MissingComponentException.php,1502,4,3,1
src/Controller/Exception/SecurityException.php,37,3,2,1
src/Core/App.php,43,4,2,2
src/Core/ClassLoader.php,24,2,1,1
src/Core/Configure/ConfigEngineInterface.php,95,7,6,1
src/Core/Configure/Engine/IniConfig.php,85,7,6,1
src/Core/Configure/Engine/JsonConfig.php,62,2,1,1
src/Core/Configure/Engine/PhpConfig.php,48,2,1,1
src/Core/Configure/FileConfigTrait.php,136,3,2,1
src/Core/ConventionsTrait.php,82,2,1,1
src/Core/Exception/MissingPluginException.php,283,3,2,1
src/Core/ObjectRegistry.php,92,2,1,1
src/Database/Dialect/MysqlDialectTrait.php,24,2,1,1
src/Database/Dialect/TupleComparisonTranslatorTrait.php,19,2,1,1
src/Database/Driver/PDODriverTrait.php,24,2,1,1
src/Database/Driver/Postgres.php,12,2,1,1
src/Database/Driver/Sqlite.php,10,2,1,1
src/Database/Exception.php,11,2,1,1
src/Database/Exception/MissingConnectionException.php,10,4,2,2
src/Database/Exception/MissingDriverException.php,11,4,2,2
src/Database/Exception/MissingExtensionException.php,14,4,2,2
src/Database/Exception/NestedTransactionRollbackException.php,32,4,2,2
src/Database/Expression/BetweenExpression.php,13,4,2,2
src/Database/Expression/FieldInterface.php,10,2,1,1
src/Database/Expression/FieldTrait.php,39,5,2,3
src/Database/Expression/FunctionExpression.php,2,4,2,2
src/Database/Expression/IdentifierExpression.php,28,2,1,1
src/Database/Expression/OrderByExpression.php,49,3,2,1
src/Database/Expression/OrderClauseExpression.php,142,2,1,1
src/Database/Expression/UnaryExpression.php,61,2,1,1
src/Database/Expression/ValuesExpression.php,166,2,1,1
src/Database/ExpressionInterface.php,34,2,1,1
src/Database/FieldTypeConverter.php,17,2,1,1
src/Database/IdentifierQuoter.php,46,2,1,1
src/Database/Log/LoggedQuery.php,29,2,1,1
src/Database/Log/LoggingStatement.php,3,2,1,1
src/Database/Log/QueryLogger.php,75,3,2,1
src/Database/QueryCompiler.php,157,3,2,1
src/Database/Schema/CachedCollection.php,182,1,1,0
src/Database/Schema/Collection.php,57,9,4,5
src/Database/SqliteCompiler.php,131,3,1,2
src/Database/SqlserverCompiler.php,43,3,2,1
src/Database/Statement/BufferResultsTrait.php,43,3,2,1
src/Database/Statement/BufferedStatement.php,75,2,1,1
src/Database/Statement/CallbackStatement.php,96,6,3,3
src/Database/Statement/MysqlStatement.php,111,44,44,0
src/Database/Statement/PDOStatement.php,42,3,1,2
src/Database/Statement/SqliteStatement.php,42,3,1,2
src/Database/Statement/SqlserverStatement.php,58,10,10,0
src/Database/StatementInterface.php,75,4,2,2
src/Database/Type/BinaryType.php,16,4,2,2
src/Database/Type/BoolType.php,93,2,0,2
src/Database/Type/DateType.php,49,1,0,1
src/Database/Type/ExpressionTypeCasterTrait.php,142,1,0,1
src/Database/Type/ExpressionTypeInterface.php,61,1,0,1
src/Database/Type/IntegerType.php,42,2,1,1
src/Database/Type/JsonType.php,16,6,3,3
src/Database/Type/OptionalConvertInterface.php,39,2,1,1
src/Database/Type/StringType.php,26,3,2,1
src/Database/Type/TimeType.php,44,2,1,1
src/Database/Type/UuidType.php,98,8,7,1
src/Database/TypeConverterTrait.php,29,3,3,0
src/Database/TypeInterface.php,51,20,14,6
src/Database/TypeMap.php,18,2,1,1
src/Database/TypeMapTrait.php,18,1,1,0
src/Database/TypedResultInterface.php,18,2,1,1
src/Database/TypedResultTrait.php,89,4,1,3
src/Datasource/ConnectionInterface.php,132,4,3,1
src/Datasource/ConnectionManager.php,158,8,5,3
src/Datasource/ConnectionRegistry.php,75,4,4,0
src/Datasource/Exception/InvalidPrimaryKeyException.php,117,8,8,0
src/Datasource/Exception/MissingDatasourceConfigException.php,72,4,2,2
src/Datasource/Exception/MissingDatasourceException.php,156,35,16,19
src/Datasource/Exception/MissingModelException.php,37,5,2,3
src/Datasource/Exception/RecordNotFoundException.php,34,8,6,2
src/Datasource/FactoryLocator.php,39,2,1,1
src/Datasource/FixtureInterface.php,179,5,2,3
src/Datasource/InvalidPropertyInterface.php,227,2,1,1
src/Datasource/ModelAwareTrait.php,157,5,3,2
src/Datasource/QueryCacher.php,105,11,8,3
src/Datasource/QueryInterface.php,144,32,32,0
src/Datasource/QueryTrait.php,119,4,3,1
src/Datasource/ResultSetDecorator.php,152,14,12,2
src/Datasource/ResultSetInterface.php,229,6,4,2
src/Datasource/RuleInvoker.php,17,22,22,0
src/Datasource/RulesAwareTrait.php,30,3,1,2
src/Datasource/RulesChecker.php,7,5,5,0
src/Datasource/TableSchemaInterface.php,75,4,2,2
src/Error/ErrorHandler.php,74,2,1,1
src/Error/ExceptionRendererInterface.php,99,12,6,6
src/Error/FatalErrorException.php,133,4,2,2
src/Error/PHP7ErrorException.php,339,2,1,1
src/Event/Decorator/AbstractDecorator.php,119,2,1,1
src/Event/Decorator/ConditionDecorator.php,121,2,1,1
src/Event/Decorator/SubjectFilterDecorator.php,46,2,1,1
src/Event/Event.php,55,2,1,1
src/Event/EventDispatcherInterface.php,144,4,3,1
src/Event/EventDispatcherTrait.php,101,4,3,1
src/Event/EventList.php,79,1,1,0
src/Event/EventListenerInterface.php,91,4,3,1
src/Event/EventManagerTrait.php,177,4,2,2
src/Form/Form.php,49,8,4,4
src/Form/Schema.php,61,4,2,2
src/Http/ActionDispatcher.php,72,10,5,5
src/Http/BaseApplication.php,16,2,1,1
src/Http/Client/Message.php,40,2,1,1
src/Http/Client/Response.php,119,2,1,1
src/Http/MiddlewareQueue.php,121,2,1,1
src/Http/RequestTransformer.php,215,73,71,2
src/Http/ResponseEmitter.php,17,12,12,0
src/Http/Runner.php,161,4,2,2
src/I18n/ChainMessagesLoader.php,1535,31,31,0
src/I18n/Date.php,1535,6,3,3
src/I18n/Formatter/SprintfFormatter.php,122,1,1,0
src/I18n/FrozenDate.php,67,20,18,2
src/I18n/I18n.php,67,4,2,2
src/I18n/MessagesFileLoader.php,144,2,1,1
src/I18n/Middleware/LocaleSelectorMiddleware.php,140,2,0,2
src/I18n/TranslatorFactory.php,187,3,1,2
src/I18n/functions.php,158,2,1,1
src/Log/Engine/BaseLog.php,1543,47,47,0
src/Log/Engine/ConsoleLog.php,50,1,1,0
src/Log/Engine/FileLog.php,44,3,2,1
src/Log/Engine/SyslogLog.php,182,2,1,1
src/Log/LogEngineRegistry.php,182,8,4,4
src/Log/LogTrait.php,182,2,1,1
src/Mailer/AbstractTransport.php,187,4,2,2
src/Mailer/Exception/MissingActionException.php,140,6,3,3
src/Mailer/Exception/MissingMailerException.php,239,26,18,8
src/Mailer/Mailer.php,181,47,19,28
src/Mailer/MailerAwareTrait.php,97,18,17,1
src/Mailer/Transport/MailTransport.php,243,6,5,1
src/Network/CorsBuilder.php,76,2,1,1
src/Network/Exception/BadRequestException.php,149,13,13,0
src/Network/Exception/ConflictException.php,147,6,2,4
src/Network/Exception/ForbiddenException.php,33,6,5,1
src/Network/Exception/GoneException.php,33,4,4,0
src/Network/Exception/HttpException.php,39,17,17,0
src/Network/Exception/InternalErrorException.php,37,4,2,2
src/Network/Exception/InvalidCsrfTokenException.php,45,2,1,1
src/Network/Exception/MethodNotAllowedException.php,33,2,1,1
src/Network/Exception/NotAcceptableException.php,22,4,4,0
src/Network/Exception/NotFoundException.php,121,2,1,1
src/Network/Exception/NotImplementedException.php,149,7,0,7
src/Network/Exception/ServiceUnavailableException.php,58,58,36,22
src/Network/Exception/SocketException.php,40,2,1,1
src/Network/Exception/UnauthorizedException.php,40,2,1,1
src/Network/Exception/UnavailableForLegalReasonsException.php,158,2,1,1
src/ORM/Association/BelongsTo.php,99,2,1,1
src/ORM/Association/DependentDeleteTrait.php,163,18,17,1
src/ORM/Association/HasOne.php,162,7,0,7
src/ORM/Association/Loader/SelectLoader.php,113,2,1,1
src/ORM/Association/Loader/SelectWithPivotLoader.php,113,2,1,1
src/ORM/AssociationsNormalizerTrait.php,158,1,1,0
src/ORM/Behavior/TimestampBehavior.php,227,37,37,0
src/ORM/Behavior/Translate/TranslateTrait.php,14,2,1,1
src/ORM/BehaviorRegistry.php,227,2,1,1
src/ORM/Entity.php,48,2,1,1
src/ORM/Exception/MissingBehaviorException.php,1056,2,1,1
src/ORM/Exception/MissingEntityException.php,203,26,26,0
src/ORM/Exception/MissingTableClassException.php,184,11,1,10
src/ORM/Exception/PersistenceFailedException.php,100,6,3,3
src/ORM/Exception/RolledbackTransactionException.php,23,3,1,2
src/ORM/Locator/LocatorAwareTrait.php,11,2,1,1
src/ORM/Locator/LocatorInterface.php,11,3,1,2
src/ORM/PropertyMarshalInterface.php,11,2,1,1
src/ORM/Rule/IsUnique.php,11,3,1,2
src/ORM/Rule/ValidCount.php,11,3,1,2
src/ORM/RulesChecker.php,11,2,1,1
src/ORM/SaveOptionsBuilder.php,11,2,1,1
src/ORM/TableRegistry.php,11,3,1,2
src/Routing/Dispatcher.php,11,2,1,1
src/Routing/DispatcherFactory.php,11,3,1,2
src/Routing/DispatcherFilter.php,11,2,1,1
src/Routing/Exception/DuplicateNamedRouteException.php,735,2,2,0
src/Routing/Exception/MissingControllerException.php,185,3,2,1
src/Routing/Exception/MissingDispatcherFilterException.php,911,416,416,0
src/Routing/Exception/MissingRouteException.php,59,11,11,0
src/Routing/Exception/RedirectException.php,113,8,8,0
src/Routing/Filter/AssetFilter.php,2035,22,22,0
src/Routing/Filter/ControllerFactoryFilter.php,5,6,3,3
src/Routing/Filter/LocaleSelectorFilter.php,38,3,1,2
src/Routing/Filter/RoutingFilter.php,825,2,2,0
src/Routing/Middleware/AssetMiddleware.php,2036,5,3,2
src/Routing/Route/InflectedRoute.php,231,4,2,2
src/Shell/CommandListShell.php,78,2,1,1
src/Shell/Helper/ProgressHelper.php,2051,40,40,0
src/Shell/Helper/TableHelper.php,79,9,6,3
src/Shell/OrmCacheShell.php,69,2,1,1
src/Shell/PluginShell.php,66,2,1,1
src/Shell/RoutesShell.php,36,13,12,1
src/Shell/ServerShell.php,41,2,1,1
src/Shell/Task/AssetsTask.php,154,30,30,0
src/Shell/Task/LoadTask.php,422,3,2,1
src/Shell/Task/UnloadTask.php,590,2,1,1
src/TestSuite/EmailAssertTrait.php,417,4,4,0
src/TestSuite/Fixture/FixtureInjector.php,59,8,4,4
src/TestSuite/LegacyRequestDispatcher.php,18,18,9,9
src/TestSuite/MiddlewareDispatcher.php,723,33,31,2
src/TestSuite/StringCompareTrait.php,723,4,2,2
src/TestSuite/Stub/ConsoleOutput.php,203,5,5,0
src/TestSuite/Stub/Response.php,53,7,6,1
src/TestSuite/TestSuite.php,566,6,0,6
src/Utility/CookieCryptTrait.php,321,26,25,1
src/Utility/Crypto/Mcrypt.php,52,3,1,2
src/Utility/Crypto/OpenSsl.php,443,61,61,0
src/Utility/Exception/XmlException.php,1595,6,3,3
src/Utility/MergeVariablesTrait.php,65,2,1,1
src/Utility/Security.php,160,14,13,1
src/Utility/bootstrap.php,57,11,10,1
src/Validation/RulesProvider.php,57,2,1,1
src/Validation/ValidatableInterface.php,31,9,9,0
src/Validation/ValidationRule.php,321,9,9,0
src/Validation/ValidationSet.php,328,22,17,5
src/Validation/ValidatorAwareTrait.php,300,18,18,0
src/View/AjaxView.php,38,3,2,1
src/View/CellTrait.php,2343,44,39,5
src/View/Exception/MissingCellException.php,30,1,0,1
src/View/Exception/MissingCellViewException.php,18,2,1,1
src/View/Exception/MissingElementException.php,17,6,3,3
src/View/Exception/MissingHelperException.php,44,2,1,1
src/View/Exception/MissingLayoutException.php,48,2,1,1
src/View/Exception/MissingTemplateException.php,170,14,11,3
src/View/Exception/MissingViewException.php,2320,21,21,0
src/View/Form/ArrayContext.php,80,2,1,1
src/View/Form/ContextInterface.php,25,2,1,1
src/View/Form/NullContext.php,2359,7,6,1
src/View/Helper.php,836,17,17,0
src/View/Helper/FlashHelper.php,2126,30,30,0
src/View/Helper/IdGeneratorTrait.php,39,16,0,16
src/View/Helper/SecureFieldTokenTrait.php,147,20,18,2
src/View/Helper/SessionHelper.php,307,15,15,0
src/View/HelperRegistry.php,147,4,2,2
src/View/JsonView.php,452,46,22,24
src/View/SerializedView.php,16,2,1,1
src/View/StringTemplate.php,31,2,1,1
src/View/StringTemplateTrait.php,27,2,1,1
src/View/ViewBlock.php,23,2,1,1
src/View/Widget/BasicWidget.php,25,2,1,1
src/View/Widget/ButtonWidget.php,91,2,1,1
src/View/Widget/CheckboxWidget.php,112,2,1,1
src/View/Widget/FileWidget.php,50,2,1,1
src/View/Widget/LabelWidget.php,67,2,1,1
src/View/Widget/NestingLabelWidget.php,67,2,1,1
src/View/Widget/TextareaWidget.php,179,2,1,1
src/View/Widget/WidgetInterface.php,18,4,2,2
src/View/Widget/WidgetRegistry.php,59,2,1,1
src/basics.php,111,2,1,1
tests/Fixture/ArticlesFixture.php,82,2,1,1
tests/Fixture/ArticlesTagsFixture.php,138,2,1,1
tests/Fixture/AttachmentsFixture.php,125,2,1,1
tests/Fixture/AuthUsersFixture.php,81,4,2,2
tests/Fixture/AuthorsFixture.php,27,4,2,2
tests/Fixture/AuthorsTagsFixture.php,164,9,4,5
tests/Fixture/CakeSessionsFixture.php,92,8,7,1
tests/Fixture/CategoriesFixture.php,271,12,12,0
tests/Fixture/CommentsFixture.php,146,6,5,1
tests/Fixture/CompositeIncrementsFixture.php,1876,2,1,1
tests/Fixture/CounterCacheCategoriesFixture.php,2181,2,1,1
tests/Fixture/CounterCacheCommentsFixture.php,37,3,2,1
tests/Fixture/CounterCachePostsFixture.php,1903,5,5,0
tests/Fixture/CounterCacheUserCategoryPostsFixture.php,843,12,9,3
tests/Fixture/CounterCacheUsersFixture.php,701,2,1,1
tests/Fixture/FeaturedTagsFixture.php,69,26,26,0
tests/Fixture/GroupsFixture.php,225,27,26,1
tests/Fixture/GroupsMembersFixture.php,223,2,1,1
tests/Fixture/MembersFixture.php,272,1,1,0
tests/Fixture/MenuLinkTreesFixture.php,66,2,1,1
tests/Fixture/NumberTreesFixture.php,43,7,6,1
tests/Fixture/OrderedUuidItemsFixture.php,47,2,1,1
tests/Fixture/OrdersFixture.php,111,4,2,2
tests/Fixture/OtherArticlesFixture.php,4025,18,18,0
tests/Fixture/PolymorphicTaggedFixture.php,188,24,14,10
tests/Fixture/PostsFixture.php,67,12,6,6
tests/Fixture/ProductsFixture.php,198,40,31,9
tests/Fixture/SessionsFixture.php,200,10,6,4
tests/Fixture/SiteArticlesFixture.php,750,2,1,1
tests/Fixture/SiteArticlesTagsFixture.php,751,1,1,0
tests/Fixture/SiteAuthorsFixture.php,84,2,1,1
tests/Fixture/SiteTagsFixture.php,67,19,13,6
tests/Fixture/SpecialTagsFixture.php,382,12,12,0
tests/Fixture/TagsFixture.php,96,4,2,2
tests/Fixture/TagsTranslationsFixture.php,382,4,2,2
tests/Fixture/TestPluginCommentsFixture.php,780,201,134,67
tests/Fixture/ThingsFixture.php,405,1,0,1
tests/Fixture/TranslatesFixture.php,236,11,11,0
tests/Fixture/UsersFixture.php,244,10,10,0
tests/Fixture/UuiditemsFixture.php,10,4,3,1
tests/Fixture/UuidportfoliosFixture.php,999,530,459,71
tests/TestCase/Auth/BasicAuthenticateTest.php,118,13,11,2
tests/TestCase/Auth/ControllerAuthorizeTest.php,244,44,22,22
tests/TestCase/Auth/DefaultPasswordHasherTest.php,1009,38,32,6
tests/TestCase/Auth/DigestAuthenticateTest.php,2142,24,24,0
tests/TestCase/Auth/FallbackPasswordHasherTest.php,1928,6,3,3
tests/TestCase/Auth/FormAuthenticateTest.php,721,26,22,4
tests/TestCase/Auth/PasswordHasherFactoryTest.php,2075,18,11,7
tests/TestCase/Auth/Storage/MemoryStorageTest.php,165,7,7,0
tests/TestCase/Auth/Storage/SessionStorageTest.php,168,8,6,2
tests/TestCase/Auth/WeakPasswordHasherTest.php,43,1,0,1
tests/TestCase/BasicsTest.php,28,6,3,3
tests/TestCase/Cache/CacheTest.php,924,2,1,1
tests/TestCase/Cache/Engine/ApcEngineTest.php,861,40,40,0
tests/TestCase/Cache/Engine/FileEngineTest.php,736,11,9,2
tests/TestCase/Cache/Engine/MemcachedEngineTest.php,557,24,6,18
tests/TestCase/Cache/Engine/RedisEngineTest.php,861,2,1,1
tests/TestCase/Cache/Engine/WincacheEngineTest.php,163,2,1,1
tests/TestCase/Cache/Engine/XcacheEngineTest.php,27,10,7,3
tests/TestCase/Collection/Iterator/BufferedIteratorTest.php,27,2,1,1
tests/TestCase/Collection/Iterator/ExtractIteratorTest.php,73,8,5,3
tests/TestCase/Collection/Iterator/FilterIteratorTest.php,2187,19,19,0
tests/TestCase/Collection/Iterator/InsertIteratorTest.php,2169,19,0,19
tests/TestCase/Collection/Iterator/MapReduceTest.php,147,40,36,4
tests/TestCase/Collection/Iterator/ReplaceIteratorTest.php,59,8,8,0
tests/TestCase/Collection/Iterator/SortIteratorTest.php,147,4,2,2
tests/TestCase/Collection/Iterator/TreeIteratorTest.php,22,2,1,1
tests/TestCase/Console/ConsoleErrorHandlerTest.php,59,6,3,3
tests/TestCase/Console/ConsoleIoTest.php,143,8,5,3
tests/TestCase/Console/ConsoleOptionParserTest.php,64,2,1,1
tests/TestCase/Console/ConsoleOutputTest.php,146,4,2,2
tests/TestCase/Console/HelpFormatterTest.php,73,2,1,1
tests/TestCase/Console/HelperRegistryTest.php,145,2,1,1
tests/TestCase/Console/ShellDispatcherTest.php,34,2,1,1
tests/TestCase/Console/ShellTest.php,13,1,0,1
tests/TestCase/Console/TaskRegistryTest.php,143,4,2,2
tests/TestCase/Controller/Component/AuthComponentTest.php,122,16,8,8
tests/TestCase/Controller/Component/CookieComponentTest.php,143,10,8,2
tests/TestCase/Controller/Component/CsrfComponentTest.php,73,2,1,1
tests/TestCase/Controller/Component/FlashComponentTest.php,13,2,1,1
tests/TestCase/Controller/Component/RequestHandlerComponentTest.php,2076,21,11,10
tests/TestCase/Controller/Component/SecurityComponentTest.php,2167,2,1,1
tests/TestCase/Controller/ComponentRegistryTest.php,165,6,2,4
tests/TestCase/Controller/ComponentTest.php,170,19,16,3
tests/TestCase/Controller/ControllerTest.php,165,6,2,4
tests/TestCase/Controller/Exception/AuthSecurityExceptionTest.php,170,19,16,3
tests/TestCase/Controller/Exception/SecurityExceptionTest.php,1929,2,2,0
tests/TestCase/Core/AppTest.php,6,2,1,1
tests/TestCase/Core/Configure/Engine/IniConfigTest.php,36,8,4,4
tests/TestCase/Core/Configure/Engine/JsonConfigTest.php,602,20,19,1
tests/TestCase/Core/Configure/Engine/PhpConfigTest.php,1033,6,3,3
tests/TestCase/Core/ConfigureTest.php,96,2,1,1
tests/TestCase/Core/FunctionsTest.php,603,5,3,2
tests/TestCase/Core/InstanceConfigTraitTest.php,23,2,1,1
tests/TestCase/Core/PluginTest.php,1015,12,12,0
tests/TestCase/Core/StaticConfigTraitTest.php,272,18,17,1
tests/TestCase/Database/ConnectionTest.php,43,2,1,1
tests/TestCase/Database/Driver/MysqlTest.php,23,2,1,1
tests/TestCase/Database/Driver/PostgresTest.php,70,2,1,1
tests/TestCase/Database/Driver/SqliteTest.php,128,2,1,1
tests/TestCase/Database/Driver/SqlserverTest.php,46,4,2,2
tests/TestCase/Database/DriverTest.php,22,3,2,1
tests/TestCase/Database/Expression/CaseExpressionTest.php,198,7,3,4
tests/TestCase/Database/Expression/FunctionExpressionTest.php,4074,8,6,2
tests/TestCase/Database/Expression/IdentifierExpressionTest.php,154,11,10,1
tests/TestCase/Database/Expression/TupleComparisonTest.php,1310,60,24,36
tests/TestCase/Database/ExpressionTypeCastingIntegrationTest.php,1310,8,4,4
tests/TestCase/Database/ExpressionTypeCastingTest.php,77,2,1,1
tests/TestCase/Database/FunctionsBuilderTest.php,252,2,1,1
tests/TestCase/Database/Log/LoggedQueryTest.php,77,2,1,1
tests/TestCase/Database/Log/LoggingStatementTest.php,474,1,1,0
tests/TestCase/Database/Log/QueryLoggerTest.php,558,2,1,1
tests/TestCase/Database/Schema/CollectionTest.php,1952,3,3,0
tests/TestCase/Database/Schema/MysqlSchemaTest.php,4074,1,0,1
tests/TestCase/Database/Schema/PostgresSchemaTest.php,790,24,22,2
tests/TestCase/Database/Schema/SqliteSchemaTest.php,1938,6,6,0
tests/TestCase/Database/Schema/SqlserverSchemaTest.php,855,23,23,0
tests/TestCase/Database/Schema/TableTest.php,746,20,20,0
tests/TestCase/Database/Statement/StatementDecoratorTest.php,148,4,2,2
tests/TestCase/Database/Type/BinaryTypeTest.php,24,10,6,4
tests/TestCase/Database/Type/BoolTypeTest.php,63,6,6,0
tests/TestCase/Database/Type/DateTimeTypeTest.php,432,4,2,2
tests/TestCase/Database/Type/DateTypeTest.php,83,9,6,3
tests/TestCase/Database/Type/IntegerTypeTest.php,71,8,7,1
tests/TestCase/Database/Type/JsonTypeTest.php,96,2,1,1
tests/TestCase/Database/Type/StringTypeTest.php,96,2,1,1
tests/TestCase/Database/Type/TimeTypeTest.php,112,19,14,5
tests/TestCase/Database/Type/UuidTypeTest.php,112,2,1,1
tests/TestCase/Database/ValueBinderTest.php,1002,16,15,1
tests/TestCase/DatabaseSuite.php,114,38,38,0
tests/TestCase/Datasource/ConnectionManagerTest.php,13,3,3,0
tests/TestCase/Datasource/FactoryLocatorTest.php,177,11,8,3
tests/TestCase/Datasource/ModelAwareTraitTest.php,233,24,21,3
tests/TestCase/Datasource/QueryCacherTest.php,21,2,1,1
tests/TestCase/Datasource/ResultSetDecoratorTest.php,187,3,2,1
tests/TestCase/Datasource/RulesCheckerTest.php,34,2,1,1
tests/TestCase/Error/DebuggerTest.php,107,9,7,2
tests/TestCase/Error/ErrorHandlerTest.php,758,4,2,2
tests/TestCase/Event/Decorator/ConditionDecoratorTest.php,758,2,1,1
tests/TestCase/Event/Decorator/SubjectFilterDecoratorTest.php,9,2,1,1
tests/TestCase/Event/EventDispatcherTraitTest.php,2537,75,48,27
tests/TestCase/Event/EventListTest.php,2537,2,1,1
tests/TestCase/Event/EventTest.php,266,8,8,0
tests/TestCase/Filesystem/FileTest.php,2189,7,4,3
tests/TestCase/Filesystem/FolderTest.php,33,3,2,1
tests/TestCase/Form/FormTest.php,25,3,2,1
tests/TestCase/Form/SchemaTest.php,33,1,1,0
tests/TestCase/Http/ActionDispatcherTest.php,25,1,1,0
tests/TestCase/Http/Client/Adapter/StreamTest.php,37,12,5,7
tests/TestCase/Http/Client/Auth/DigestTest.php,24,4,2,2
tests/TestCase/Http/Client/Auth/OauthTest.php,37,4,2,2
tests/TestCase/Http/Client/CookieCollectionTest.php,104,2,1,1
tests/TestCase/Http/Client/FormDataTest.php,475,14,14,0
tests/TestCase/Http/Client/RequestTest.php,1888,18,18,0
tests/TestCase/Http/Client/ResponseTest.php,162,18,17,1
tests/TestCase/Http/ClientTest.php,171,20,19,1
tests/TestCase/Http/ControllerFactoryTest.php,77,14,13,1
tests/TestCase/Http/MiddlewareQueueTest.php,550,14,14,0
tests/TestCase/Http/RequestTransformerTest.php,756,10,10,0
tests/TestCase/Http/ResponseEmitterTest.php,40,20,11,9
tests/TestCase/Http/ResponseTest.php,156,25,20,5
tests/TestCase/Http/ResponseTransformerTest.php,159,5,4,1
tests/TestCase/Http/RunnerTest.php,66,2,1,1
tests/TestCase/Http/ServerRequestFactoryTest.php,111,2,1,1
tests/TestCase/Http/ServerRequestTest.php,16,8,4,4
tests/TestCase/I18n/DateTest.php,317,136,136,0
tests/TestCase/I18n/Formatter/SprintfFormatterTest.php,317,4,2,2
tests/TestCase/I18n/MessagesFileLoaderTest.php,41,9,8,1
tests/TestCase/I18n/Middleware/LocaleSelectorMiddlewareTest.php,56,2,1,1
tests/TestCase/I18n/NumberTest.php,182,25,18,7
tests/TestCase/I18n/Parser/MoFileParserTest.php,182,6,5,1
tests/TestCase/I18n/Parser/PoFileParserTest.php,111,2,1,1
tests/TestCase/I18n/PluralRulesTest.php,476,6,3,3
tests/TestCase/I18n/TimeTest.php,189,18,9,9
tests/TestCase/I18n/TranslatorFactoryTest.php,50,16,8,8
tests/TestCase/I18n/TranslatorRegistryTest.php,189,2,1,1
tests/TestCase/Log/Engine/BaseLogTest.php,189,18,9,9
tests/TestCase/Log/Engine/ConsoleLogTest.php,1082,36,18,18
tests/TestCase/Log/Engine/FileLogTest.php,31,1,0,1
tests/TestCase/Log/Engine/SyslogLogTest.php,358,71,50,21
tests/TestCase/Log/LogTest.php,64,16,12,4
tests/TestCase/Log/LogTraitTest.php,97,2,1,1
tests/TestCase/Mailer/EmailTest.php,109,5,5,0
tests/TestCase/Mailer/MailerAwareTraitTest.php,325,22,22,0
tests/TestCase/Mailer/MailerTest.php,825,12,9,3
tests/TestCase/Mailer/Transport/DebugTransportTest.php,993,4,3,1
tests/TestCase/Mailer/Transport/MailTransportTest.php,43,2,1,1
tests/TestCase/Mailer/Transport/SmtpTransportTest.php,90,8,6,2
tests/TestCase/Network/MoveToHttpTest.php,248,40,18,22
tests/TestCase/Network/Session/CacheSessionTest.php,176,2,1,1
tests/TestCase/Network/SessionTest.php,132,8,6,2
tests/TestCase/Network/SocketTest.php,88,22,11,11
tests/TestCase/ORM/Association/BelongsToManyTest.php,113,6,4,2
tests/TestCase/ORM/Association/BelongsToTest.php,932,4,3,1
tests/TestCase/ORM/Association/HasManyTest.php,50,2,1,1
tests/TestCase/ORM/Association/HasOneTest.php,50,4,2,2
tests/TestCase/ORM/AssociationCollectionTest.php,1310,52,26,26
tests/TestCase/ORM/AssociationProxyTest.php,2313,22,22,0
tests/TestCase/ORM/AssociationTest.php,86,33,6,27
tests/TestCase/ORM/Behavior/BehaviorRegressionTest.php,52,2,1,1
tests/TestCase/ORM/Behavior/CounterCacheBehaviorTest.php,146,20,14,6
tests/TestCase/ORM/Behavior/TimestampBehaviorTest.php,219,22,22,0
tests/TestCase/ORM/Behavior/Translate/TranslateTraitTest.php,929,4,2,2
tests/TestCase/ORM/Behavior/TranslateBehaviorTest.php,794,14,12,2
tests/TestCase/ORM/Behavior/TreeBehaviorTest.php,68,2,1,1
tests/TestCase/ORM/BehaviorRegistryTest.php,426,4,4,0
tests/TestCase/ORM/BehaviorTest.php,2371,11,5,6
tests/TestCase/ORM/BindingKeyTest.php,2371,7,4,3
tests/TestCase/ORM/CompositeKeysTest.php,103,4,2,2
tests/TestCase/ORM/EagerLoaderTest.php,4170,52,26,26
tests/TestCase/ORM/EntityTest.php,77,10,5,5
tests/TestCase/ORM/Locator/LocatorAwareTraitTest.php,61,2,1,1
tests/TestCase/ORM/Locator/TableLocatorTest.php,592,6,4,2
tests/TestCase/ORM/MarshallerTest.php,31,3,3,0
tests/TestCase/ORM/ResultSetTest.php,33,6,4,2
tests/TestCase/ORM/RulesCheckerIntegrationTest.php,25,9,7,2
tests/TestCase/ORM/SaveOptionsBuilderTest.php,61,4,0,4
tests/TestCase/ORM/TableRegressionTest.php,24,4,0,4
tests/TestCase/ORM/TableUuidTest.php,1310,2,1,1
tests/TestCase/Routing/DispatcherFactoryTest.php,104,2,1,1
tests/TestCase/Routing/DispatcherFilterTest.php,165,39,39,0
tests/TestCase/Routing/DispatcherTest.php,80,10,8,2
tests/TestCase/Routing/Filter/AssetFilterTest.php,225,16,16,0
tests/TestCase/Routing/Filter/ControllerFactoryFilterTest.php,461,2,1,1
tests/TestCase/Routing/Filter/LocaleSelectorFilterTest.php,95,1,1,0
tests/TestCase/Routing/Filter/RoutingFilterTest.php,31,2,2,0
tests/TestCase/Routing/Middleware/AssetMiddlewareTest.php,31,1,1,0
tests/TestCase/Routing/RequestActionTraitTest.php,94,4,4,0
tests/TestCase/Routing/Route/DashedRouteTest.php,37,1,1,0
tests/TestCase/Routing/Route/InflectedRouteTest.php,27,2,2,0
tests/TestCase/Routing/Route/PluginShortRouteTest.php,29,1,1,0
tests/TestCase/Routing/Route/RedirectRouteTest.php,50,2,2,0
tests/TestCase/Routing/Route/RouteTest.php,48,2,2,0
tests/TestCase/Routing/RouteCollectionTest.php,112,8,8,0
tests/TestCase/Shell/CacheShellTest.php,96,6,6,0
tests/TestCase/Shell/CompletionShellTest.php,118,6,6,0
tests/TestCase/Shell/Helper/ProgressHelperTest.php,75,4,4,0
tests/TestCase/Shell/Helper/TableHelperTest.php,87,3,3,0
tests/TestCase/Shell/OrmCacheShellTest.php,16,1,1,0
tests/TestCase/Shell/PluginShellTest.php,51,1,1,0
tests/TestCase/Shell/RoutesShellTest.php,54,1,1,0
tests/TestCase/Shell/ServerShellTest.php,27,1,1,0
tests/TestCase/Shell/Task/AssetsTaskTest.php,18,1,1,0
tests/TestCase/Shell/Task/ExtractTaskTest.php,23,1,1,0
tests/TestCase/Shell/Task/LoadTaskTest.php,30,1,1,0
tests/TestCase/Shell/Task/UnloadTaskTest.php,42,3,3,0
tests/TestCase/TestSuite/CookieEncryptedUsingControllerTest.php,28,3,3,0
tests/TestCase/TestSuite/EmailAssertTraitTest.php,91,4,4,0
tests/TestCase/TestSuite/IntegrationTestCaseTest.php,112,4,4,0
tests/TestCase/TestSuite/TestCaseTest.php,50,3,3,0
tests/TestCase/TestSuite/TestFixtureTest.php,133,6,6,0
tests/TestCase/TestSuite/TestSuiteTest.php,130,4,4,0
tests/TestCase/Utility/Crypto/McryptTest.php,67,1,1,0
tests/TestCase/Utility/Crypto/OpenSslTest.php,146,4,4,0
tests/TestCase/Utility/HashTest.php,46,1,1,0
tests/TestCase/Utility/InflectorTest.php,67,2,2,0
tests/TestCase/Utility/MergeVariablesTraitTest.php,58,2,2,0
tests/TestCase/Utility/SecurityTest.php,91,4,4,0
tests/TestCase/Utility/TextTest.php,40,2,2,0
tests/TestCase/Utility/XmlTest.php,34,1,1,0
tests/TestCase/Validation/RulesProviderTest.php,54,3,3,0
tests/TestCase/Validation/ValidationRuleTest.php,137,4,4,0
tests/TestCase/Validation/ValidationSetTest.php,25,1,1,0
tests/TestCase/Validation/ValidatorTest.php,45,2,2,0
tests/TestCase/Validation/stubs.php,90,10,10,0
tests/TestCase/View/CellTest.php,72,1,1,0
tests/TestCase/View/Form/ArrayContextTest.php,60,2,2,0
tests/TestCase/View/Helper/BreadcrumbsHelperTest.php,58,1,1,0
tests/TestCase/View/Helper/FlashHelperTest.php,105,1,1,0
tests/TestCase/View/Helper/HtmlHelperTest.php,67,2,2,0
tests/TestCase/View/Helper/NumberHelperTest.php,25,1,1,0
tests/TestCase/View/Helper/PaginatorHelperTest.php,34,1,1,0
tests/TestCase/View/Helper/RssHelperTest.php,107,4,4,0
tests/TestCase/View/Helper/TextHelperTest.php,32,1,1,0
tests/TestCase/View/Helper/TimeHelperTest.php,138,7,7,0
tests/TestCase/View/Helper/UrlHelperTest.php,49,2,2,0
tests/TestCase/View/HelperRegistryTest.php,34,1,1,0
tests/TestCase/View/HelperTest.php,168,10,10,0
tests/TestCase/View/JsonViewTest.php,43,1,1,0
tests/TestCase/View/StringTemplateTest.php,59,1,1,0
tests/TestCase/View/StringTemplateTraitTest.php,32,1,1,0
tests/TestCase/View/ViewBuilderTest.php,10,1,1,0
tests/TestCase/View/ViewVarsTraitTest.php,67,5,5,0
tests/TestCase/View/Widget/BasicWidgetTest.php,20,1,1,0
tests/TestCase/View/Widget/ButtonWidgetTest.php,13,1,1,0
tests/TestCase/View/Widget/CheckboxWidgetTest.php,47,2,2,0
tests/TestCase/View/Widget/DateTimeWidgetTest.php,26,2,2,0
tests/TestCase/View/Widget/FileWidgetTest.php,48,2,2,0
tests/TestCase/View/Widget/LabelWidgetTest.php,39,5,5,0
tests/TestCase/View/Widget/MultiCheckboxWidgetTest.php,71,5,5,0
tests/TestCase/View/Widget/RadioWidgetTest.php,42,2,2,0
tests/TestCase/View/Widget/SelectBoxWidgetTest.php,46,2,2,0
tests/TestCase/View/Widget/TextareaWidgetTest.php,10,1,1,0
tests/TestCase/View/Widget/WidgetRegistryTest.php,25,1,1,0
tests/TestCase/View/XmlViewTest.php,24,2,2,0
tests/bootstrap.php,44,3,3,0
tests/testapp/Plugin/Company/TestPluginFive/src/Utility/Hello.php,24,2,2,0
/TestPluginThree/src/Controller/Component/SomethingComponent.php,13,1,1,0
/TestPluginThree/src/Model/Table/TestPluginThreeCommentsTable.php,46,1,1,0
tests/testapp/Plugin/Company/TestPluginThree/src/Utility/Hello.php,67,3,3,0
/Plugin/Company/TestPluginThree/tests/Fixture/ArticlesFixture.php,36,2,2,0
tests/testapp/Plugin/TestPlugin/config/load.php,56,1,1,0
tests/testapp/Plugin/TestPlugin/config/more.load.php,55,4,4,0
tests/testapp/Plugin/TestPlugin/src/Auth/LegacyPasswordHasher.php,179,11,11,0
/Plugin/TestPlugin/src/Cache/Engine/TestPluginCacheEngine.php,52,2,2,0
/Plugin/TestPlugin/src/Controller/Admin/CommentsController.php,48,2,2,0
/Plugin/TestPlugin/src/Controller/Component/OtherComponent.php,86,6,6,0
/Plugin/TestPlugin/src/Controller/Component/PluginsComponent.php,241,7,7,0
/TestPlugin/src/Controller/Component/TestPluginComponent.php,59,1,1,0
/TestPlugin/src/Controller/Component/TestPluginOtherComponent.php,24,1,1,0
/Plugin/TestPlugin/src/Controller/TestPluginAppController.php,45,2,2,0
/Plugin/TestPlugin/src/Controller/TestPluginController.php,66,5,5,0
tests/testapp/Plugin/TestPlugin/src/Controller/TestsController.php,56,5,5,0
tests/testapp/Plugin/TestPlugin/src/Database/Driver/TestDriver.php,36,1,1,0
/Plugin/TestPlugin/src/Error/TestPluginExceptionRenderer.php,155,7,7,0
/Plugin/TestPlugin/src/Lib/Custom/Package/CustomLibClass.php,97,4,4,0
tests/testapp/Plugin/TestPlugin/src/Lib/TestPluginLibrary.php,75,1,1,0
tests/testapp/Plugin/TestPlugin/src/Lib/TestPluginOtherLibrary.php,96,8,8,0
tests/testapp/Plugin/TestPlugin/src/Log/Engine/TestPluginLog.php,39,1,1,0
/Plugin/TestPlugin/src/Model/Behavior/PersisterOneBehavior.php,26,1,1,0
tests/testapp/Plugin/TestPlugin/src/Model/Table/AuthorsTable.php,75,5,5,0
tests/testapp/Plugin/TestPlugin/src/Model/Table/CommentsTable.php,13,1,1,0
/Plugin/TestPlugin/src/Model/Table/TestPluginCommentsTable.php,35,1,1,0
/Plugin/TestPlugin/src/Routing/Filter/Test2DispatcherFilter.php,79,8,8,0
/Plugin/TestPlugin/src/Routing/Filter/TestDispatcherFilter.php,44,1,1,0
tests/testapp/Plugin/TestPlugin/src/Shell/ExampleShell.php,71,2,2,0
tests/testapp/Plugin/TestPlugin/src/Shell/Task/OtherTaskTask.php,109,5,5,0
tests/testapp/Plugin/TestPlugin/src/Vendor/sample/sampleplugin.php,23,2,2,0
tests/testapp/Plugin/TestPlugin/src/Vendor/welcome.php,76,5,5,0
tests/testapp/Plugin/TestPlugin/src/View/Cell/Admin/MenuCell.php,187,10,10,0
tests/testapp/Plugin/TestPlugin/src/View/Cell/DummyCell.php,137,9,9,0
/testapp/Plugin/TestPlugin/src/View/Helper/OtherHelperHelper.php,27,1,1,0
/Plugin/TestPlugin/src/View/Helper/PluggedHelperHelper.php,117,6,6,0
tests/testapp/Plugin/TestPlugin/tests/Fixture/ArticlesFixture.php,37,1,1,0
tests/testapp/Plugin/TestPluginTwo/src/Model/Table/CommentsTable.php,84,3,3,0
tests/testapp/Plugin/TestPluginTwo/src/Shell/WelcomeShell.php,16,1,1,0
tests/testapp/TestApp/Application.php,34,1,1,0
tests/testapp/TestApp/Cache/Engine/TestAppCacheEngine.php,44,3,3,0
tests/testapp/TestApp/Controller/AbstractController.php,73,1,1,0
tests/testapp/TestApp/Controller/Admin/PostsController.php,40,3,3,0
tests/testapp/TestApp/Controller/Admin/Sub/PostsController.php,75,1,1,0
tests/testapp/TestApp/Controller/AppController.php,80,2,2,0
tests/testapp/TestApp/Controller/AuthTestController.php,57,1,1,0
tests/testapp/TestApp/Controller/CellTraitTestController.php,25,1,1,0
tests/testapp/TestApp/Controller/Component/AppleComponent.php,54,4,4,0
tests/testapp/TestApp/Controller/Component/BananaComponent.php,44,3,3,0
tests/testapp/TestApp/Controller/Component/ConfiguredComponent.php,23,2,2,0
tests/testapp/TestApp/Controller/Component/MergeVarComponent.php,177,1,1,0
/TestApp/Controller/Component/MutuallyReferencingOneComponent.php,86,1,1,0
/TestApp/Controller/Component/MutuallyReferencingTwoComponent.php,91,2,2,0
tests/testapp/TestApp/Controller/Component/OrangeComponent.php,77,1,1,0
tests/testapp/TestApp/Controller/Component/ParamTestComponent.php,103,1,1,0
/TestApp/Controller/Component/SomethingWithCookieComponent.php,85,4,4,0
tests/testapp/TestApp/Controller/Component/TestAuthComponent.php,85,4,4,0
tests/testapp/TestApp/Controller/ComponentTestController.php,138,6,6,0
tests/testapp/TestApp/Controller/CookieComponentTestController.php,65,3,3,0
tests/testapp/TestApp/Controller/PostsController.php,39,2,2,0
tests/testapp/TestApp/Controller/RequestHandlerTestController.php,90,5,5,0
tests/testapp/TestApp/Controller/SomePagesController.php,44,3,3,0
tests/testapp/TestApp/Controller/TestsAppsController.php,24,2,2,0
tests/testapp/TestApp/Database/Driver/TestDriver.php,65,1,1,0
tests/testapp/TestApp/Log/Engine/TestAppLog.php,162,7,7,0
tests/testapp/TestApp/Mailer/TestMailer.php,22,1,1,0
tests/testapp/TestApp/Mailer/TestUserMailer.php,86,3,3,0
tests/testapp/TestApp/Middleware/DumbMiddleware.php,72,4,4,0
tests/testapp/TestApp/Middleware/SampleMiddleware.php,33,1,1,0
tests/testapp/TestApp/Model/Behavior/DuplicateBehavior.php,56,2,2,0
tests/testapp/TestApp/Model/Behavior/SluggableBehavior.php,104,10,10,0
tests/testapp/TestApp/Model/Table/ArticlesTable.php,65,3,3,0
tests/testapp/TestApp/Model/Table/ArticlesTagsTable.php,90,4,4,0
tests/testapp/TestApp/Model/Table/AuthUsersTable.php,31,2,2,0
tests/testapp/TestApp/Model/Table/AuthorsTable.php,67,3,3,0
tests/testapp/TestApp/Model/Table/I18nTable.php,66,2,2,0
tests/testapp/TestApp/Model/Table/PaginatorPostsTable.php,43,1,1,0
tests/testapp/TestApp/Model/Table/PostsTable.php,167,4,4,0
tests/testapp/TestApp/Model/Table/TagsTable.php,34,2,2,0
tests/testapp/TestApp/Shell/I18mShell.php,81,4,4,0
tests/testapp/TestApp/Shell/TestingDispatchShell.php,38,1,1,0
tests/testapp/TestApp/View/AppView.php,19,1,1,0
tests/testapp/TestApp/View/Cell/Admin/MenuCell.php,36,1,1,0
tests/testapp/TestApp/View/Cell/ArticlesCell.php,34,1,1,0
tests/testapp/TestApp/View/Cell/CelloCell.php,24,1,1,0
tests/testapp/TestApp/View/CustomJsonView.php,89,2,2,0
tests/testapp/TestApp/View/Helper/BananaHelper.php,1082,3,3,0
tests/testapp/TestApp/View/Helper/EventListenerTestHelper.php,498,2,2,0
tests/testapp/config/acl.php,770,2,2,0
tests/testapp/config/routes.php,1037,1,1,0
tests/testapp/vendor/Test/MyTest.php,141,1,1,0
tests/testapp/vendor/Test/hello.php,311,1,1,0
tests/testapp/vendor/sample/configuretestvendorsample.php,605,3,3,0
tests/testapp/vendor/somename/some.name.php,929,1,1,0
tests/testapp/vendor/welcome.php,811,1,1,0
src/Http/Cookie/Cookie.php,794,1,1,0
src/Http/Cookie/CookieInterface.php,36,2,2,0
src/ORM/Association/DependentDeleteHelper.php,152,1,1,0
src/Shell/HelpShell.php,84,2,2,0
tests/TestCase/Http/Cookie/CookieTest.php,73,1,1,0
src/Core/PluginInterface.php,578,2,2,0
tests/TestCase/Database/Schema/TableSchemaTest.php,382,14,14,0
tests/testapp/TestApp/Error/TestAppsExceptionRenderer.php,69,1,1,0