fles,LocFixing,ChurnFxing,AddedFixing,RemovedFixing
components/comusers/models/registration.php,35,2,1,1
libraries/cms/version/version.php,35,2,1,1
plugins/system/redirect/redirect.php,97,4,2,2
administrator/components/comadmin/admin.php,48,4,2,2
administrator/components/comadmin/controller.php,49,14,7,7
/components/comadmin/models/help.php,29,19,10,9
/components/comadmin/models/profile.php,112,81,50,31
/components/comadmin/models/sysinfo.php,52,26,15,11
administrator/components/comadmin/script.php,80,10,5,5
/components/comadmin/views/help/view.html.php,65,10,5,5
/comadmin/views/profile/view.html.php,17,1,0,1
/views/sysinfo/tmpl/defaultsystem.php,173,2,1,1
/comadmin/views/sysinfo/view.html.php,83,16,16,0
administrator/components/combanners/banners.php,107,16,16,0
/components/combanners/controller.php,5,2,1,1
/components/combanners/controllers/banner.php,4,1,1,0
/combanners/controllers/banners.php,4,1,1,0
/combanners/controllers/clients.php,155,1,1,0
/components/combanners/controllers/tracks.php,45,1,1,0
/combanners/controllers/tracks.raw.php,5,1,1,0
/components/combanners/helpers/banners.php,14,1,1,0
/combanners/helpers/html/banner.php,12,1,1,0
/components/combanners/models/download.php,4,1,1,0
/components/combanners/tables/banner.php,14,1,1,0
/combanners/views/banner/view.html.php,14,1,1,0
/combanners/views/banners/tmpl/default.php,14,1,1,0
/combanners/views/banners/view.html.php,10,1,1,0
/combanners/views/client/view.html.php,108,1,1,0
/combanners/views/clients/view.html.php,29,1,1,0
/combanners/views/download/view.html.php,66,1,1,0
/combanners/views/tracks/view.html.php,83,4,2,2
/combanners/views/tracks/view.raw.php,83,2,1,1
administrator/components/comcache/cache.php,124,9,0,9
administrator/components/comcache/controller.php,11,18,0,18
/comcache/views/cache/tmpl/default.php,169,27,0,27
/comcache/views/cache/view.html.php,80,14,0,14
/comcache/views/purge/view.html.php,8,4,2,2
/components/comcategories/categories.php,6,86,43,43
/components/comcategories/controller.php,12,11,5,6
/comcategories/controllers/categories.php,12,11,5,6
/comcategories/controllers/category.php,62,14,7,7
/comcategories/helpers/categories.php,4,1,0,1
/components/comcategories/models/category.php,101,222,111,111
/comcategories/models/fields/categoryedit.php,56,124,62,62
/comcategories/views/categories/view.html.php,122,94,2,92
/comcategories/views/category/view.html.php,51,11,7,4
administrator/components/comcheckin/checkin.php,54,4,2,2
/components/comcheckin/controller.php,155,94,92,2
/components/comcheckin/models/checkin.php,155,1,1,0
/comcheckin/views/checkin/view.html.php,94,80,42,38
administrator/components/comconfig/config.php,175,42,21,21
/components/comconfig/controller.php,100,53,36,17
/comconfig/controllers/application.php,84,1,1,0
/comconfig/controllers/component.php,84,1,1,0
/components/comconfig/models/application.php,92,21,5,16
/components/comconfig/models/component.php,94,4,2,2
/comconfig/views/application/view.html.php,30,2,1,1
/comconfig/views/close/view.html.php,43,14,9,5
/comconfig/views/component/view.html.php,79,11,11,0
administrator/components/comcontact/contact.php,96,9,5,4
/components/comcontact/controller.php,268,7,7,0
/comcontact/controllers/contact.php,89,22,9,13
/comcontact/controllers/contacts.php,113,3,2,1
/components/comcontact/helpers/contact.php,52,2,1,1
/components/comcontact/tables/contact.php,98,9,5,4
/comcontact/views/contact/view.html.php,139,2,1,1
/comcontact/views/contacts/view.html.php,44,5,3,2
administrator/components/comcontent/content.php,34,7,4,3
/components/comcontent/controller.php,32,9,5,4
/comcontent/controllers/article.php,32,9,5,4
/comcontent/controllers/articles.php,229,6,2,4
/comcontent/controllers/featured.php,56,5,3,2
/components/comcontent/helpers/content.php,139,6,3,3
/comcontent/views/article/tmpl/edit.php,164,2,1,1
/comcontent/views/article/view.html.php,59,41,14,27
/comcontent/views/articles/tmpl/modal.php,139,12,12,0
/comcontent/views/articles/view.html.php,57,2,1,1
/comcontent/views/featured/view.html.php,44,4,2,2
/components/comcpanel/controller.php,33,5,2,3
administrator/components/comcpanel/cpanel.php,31,5,2,3
/comcpanel/views/cpanel/view.html.php,31,5,2,3
/components/comfinder/controller.php,49,34,16,18
/components/comfinder/controllers/filter.php,229,8,4,4
/components/comfinder/controllers/filters.php,54,30,14,16
/components/comfinder/controllers/index.php,166,24,23,1
/comfinder/controllers/indexer.json.php,59,4,4,0
/components/comfinder/controllers/maps.php,178,2,1,1
administrator/components/comfinder/finder.php,92,21,10,11
/components/comfinder/helpers/finder.php,80,56,24,32
/comfinder/helpers/indexer/adapter.php,31,20,1,19
/comfinder/helpers/indexer/helper.php,230,29,1,28
/comfinder/helpers/indexer/indexer.php,260,39,3,36
/comfinder/helpers/indexer/query.php,80,59,35,24
/comfinder/helpers/indexer/taxonomy.php,60,86,58,28
/components/comfinder/helpers/language.php,163,97,59,38
/components/comfinder/models/indexer.php,164,74,44,30
/components/comfinder/models/statistics.php,106,91,57,34
/components/comfinder/tables/filter.php,46,4,2,2
/components/comfinder/tables/link.php,91,2,1,1
/components/comfinder/tables/map.php,40,10,5,5
/comfinder/views/filter/view.html.php,103,2,1,1
/comfinder/views/filters/view.html.php,100,4,2,2
/comfinder/views/index/tmpl/default.php,168,12,6,6
/comfinder/views/index/view.html.php,180,14,8,6
/comfinder/views/indexer/view.html.php,84,54,28,26
/comfinder/views/maps/tmpl/default.php,111,1,1,0
/comfinder/views/maps/view.html.php,19,13,7,6
/comfinder/views/statistics/view.html.php,96,1,1,0
/components/cominstaller/controller.php,96,1,1,0
/cominstaller/controllers/database.php,16,9,5,4
/cominstaller/controllers/discover.php,185,2,1,1
/cominstaller/controllers/install.php,90,3,2,1
/cominstaller/controllers/languages.php,55,39,22,17
/cominstaller/controllers/manage.php,21,2,1,1
/cominstaller/controllers/update.php,108,8,4,4
/cominstaller/helpers/html/manage.php,100,4,2,2
/cominstaller/helpers/installer.php,452,18,9,9
/components/cominstaller/installer.php,55,2,1,1
/cominstaller/models/fields/group.php,25,76,38,38
/cominstaller/models/fields/type.php,131,6,3,3
/components/cominstaller/models/install.php,12,2,1,1
/components/cominstaller/models/languages.php,40,8,5,3
/components/cominstaller/models/manage.php,6,2,1,1
/components/cominstaller/models/update.php,129,2,1,1
/components/cominstaller/models/warnings.php,97,2,1,1
/cominstaller/views/database/view.html.php,99,2,1,1
/cominstaller/views/default/view.php,99,2,1,1
/views/discover/tmpl/defaultitem.php,186,2,1,1
/cominstaller/views/discover/view.html.php,218,6,3,3
/cominstaller/views/install/view.html.php,159,4,3,1
/views/languages/tmpl/default.php,189,4,4,0
/views/languages/tmpl/defaultfilter.php,128,22,11,11
/cominstaller/views/languages/view.html.php,100,4,2,2
/cominstaller/views/manage/tmpl/default.php,80,5,1,4
/cominstaller/views/manage/view.html.php,133,3,2,1
/cominstaller/views/update/tmpl/default.php,18,1,1,0
/cominstaller/views/warnings/view.html.php,23,4,3,1
/components/comjoomlaupdate/controller.php,25,3,2,1
/comjoomlaupdate/controllers/update.php,28,1,1,0
/comjoomlaupdate/helpers/download.php,17,3,2,1
/comjoomlaupdate/helpers/joomlaupdate.php,16,3,2,1
/comjoomlaupdate/helpers/select.php,46,3,2,1
/components/comjoomlaupdate/joomlaupdate.php,17,3,2,1
/comjoomlaupdate/models/default.php,16,3,2,1
/components/comjoomlaupdate/restore.php,31,1,1,0
/views/default/tmpl/complete.php,69,3,2,1
/views/default/tmpl/default.php,26,1,1,0
/comjoomlaupdate/views/default/view.html.php,188,1,0,1
/views/update/tmpl/default.php,128,12,6,6
/comjoomlaupdate/views/update/view.html.php,26,5,3,2
/components/comlanguages/controller.php,98,53,22,31
/comlanguages/controllers/installed.php,134,11,6,5
/comlanguages/controllers/languages.php,75,5,5,0
/comlanguages/controllers/override.php,79,2,1,1
/comlanguages/controllers/overrides.php,212,15,12,3
/comlanguages/controllers/strings.json.php,204,15,3,12
/comlanguages/helpers/html/languages.php,131,14,12,2
/comlanguages/helpers/languages.php,146,45,43,2
/comlanguages/helpers/multilangstatus.php,165,2,1,1
/components/comlanguages/languages.php,146,4,2,2
/components/comlanguages/models/installed.php,80,2,1,1
/components/comlanguages/models/language.php,128,72,32,40
/components/comlanguages/models/languages.php,137,2,1,1
/components/comlanguages/models/override.php,64,2,1,1
/components/comlanguages/models/overrides.php,135,3,2,1
/components/comlanguages/models/strings.php,115,3,2,1
/views/installed/tmpl/defaultftp.php,100,4,2,2
/comlanguages/views/installed/view.html.php,57,57,53,4
/comlanguages/views/language/tmpl/edit.php,135,32,26,6
/comlanguages/views/language/view.html.php,279,13,12,1
/comlanguages/views/languages/view.html.php,98,3,1,2
/views/multilangstatus/view.html.php,116,7,5,2
/comlanguages/views/override/tmpl/edit.php,128,2,1,1
/comlanguages/views/override/view.html.php,135,4,2,2
/comlanguages/views/overrides/view.html.php,244,10,5,5
administrator/components/comlogin/controller.php,77,7,4,3
administrator/components/comlogin/login.php,24,2,1,1
/components/comlogin/models/login.php,24,2,1,1
/comlogin/views/login/view.html.php,24,2,1,1
administrator/components/commedia/controller.php,40,2,1,1
/commedia/controllers/file.json.php,42,2,1,1
/components/commedia/controllers/file.php,38,26,9,17
/components/commedia/controllers/folder.php,40,26,9,17
administrator/components/commedia/media.php,80,4,2,2
/components/commedia/models/list.php,67,42,27,15
/components/commedia/models/manager.php,193,52,40,12
/commedia/views/images/tmpl/default.php,90,2,1,1
/commedia/views/images/view.html.php,120,19,19,0
/commedia/views/imageslist/view.html.php,126,7,1,6
/commedia/views/media/tmpl/default.php,130,8,2,6
/commedia/views/media/view.html.php,83,7,1,6
/commedia/views/medialist/view.html.php,113,7,1,6
administrator/components/commenus/controller.php,105,7,1,6
/components/commenus/controllers/item.php,171,8,2,6
/components/commenus/controllers/items.php,51,1,0,1
/components/commenus/controllers/menu.php,107,2,1,1
/components/commenus/controllers/menus.php,17,4,2,2
/components/commenus/helpers/html/menus.php,18,19,19,0
/components/commenus/helpers/menus.php,17,2,1,1
administrator/components/commenus/menus.php,18,9,7,2
/commenus/models/fields/menutype.php,18,2,1,1
/components/commenus/models/item.php,139,40,26,14
/components/commenus/models/items.php,88,4,2,2
/components/commenus/models/menus.php,236,6,3,3
/components/commenus/models/menutypes.php,17,2,1,1
/components/commenus/views/item/tmpl/edit.php,139,12,10,2
/commenus/views/item/tmpl/editmodules.php,18,4,2,2
/components/commenus/views/item/view.html.php,34,28,16,12
/commenus/views/items/tmpl/default.php,165,39,30,9
/commenus/views/items/view.html.php,51,25,18,7
/components/commenus/views/menu/view.html.php,230,10,2,8
/commenus/views/menus/view.html.php,193,2,1,1
/commenus/views/menutypes/view.html.php,205,16,13,3
/components/commessages/controller.php,174,24,12,12
/commessages/controllers/config.php,90,2,1,1
/commessages/controllers/messages.php,34,1,0,1
/commessages/helpers/html/messages.php,51,2,1,1
/components/commessages/helpers/messages.php,29,2,1,1
/components/commessages/messages.php,165,57,37,20
/components/commessages/models/message.php,42,14,14,0
/commessages/views/config/view.html.php,40,8,8,0
/commessages/views/message/view.html.php,117,35,1,34
/commessages/views/messages/view.html.php,207,28,26,2
/components/commodules/controller.php,143,6,6,0
/components/commodules/controllers/module.php,139,2,1,1
/commodules/controllers/modules.php,187,2,1,1
/components/commodules/helpers/modules.php,193,66,33,33
/components/commodules/helpers/xml.php,234,2,1,1
/commodules/models/fields/moduleorder.php,90,4,2,2
/components/commodules/models/modules.php,139,2,1,1
administrator/components/commodules/modules.php,36,2,1,1
/views/module/tmpl/editassignment.php,41,4,3,1
/commodules/views/module/view.html.php,242,6,2,4
/commodules/views/modules/tmpl/default.php,33,4,3,1
/commodules/views/modules/view.html.php,33,4,3,1
/commodules/views/positions/view.html.php,240,6,2,4
/commodules/views/preview/view.html.php,180,7,3,4
/commodules/views/select/view.html.php,66,7,4,3
/components/comnewsfeeds/controller.php,180,2,1,1
/comnewsfeeds/controllers/newsfeed.php,175,2,1,1
/comnewsfeeds/helpers/newsfeeds.php,13,6,3,3
/components/comnewsfeeds/newsfeeds.php,13,6,3,3
/components/comnewsfeeds/tables/newsfeed.php,21,2,2,0
/comnewsfeeds/views/newsfeed/view.html.php,42,8,4,4
/comnewsfeeds/views/newsfeeds/view.html.php,48,17,9,8
/components/complugins/controller.php,48,17,9,8
/complugins/controllers/plugins.php,48,17,9,8
/components/complugins/helpers/plugins.php,48,17,9,8
/components/complugins/models/plugin.php,175,1,1,0
administrator/components/complugins/plugins.php,105,6,5,1
/complugins/views/plugin/view.html.php,60,15,12,3
/complugins/views/plugins/view.html.php,182,8,6,2
/components/comredirect/controller.php,268,10,8,2
/components/comredirect/controllers/links.php,270,10,8,2
/components/comredirect/helpers/redirect.php,86,22,11,11
/components/comredirect/models/links.php,85,22,11,11
/components/comredirect/redirect.php,70,10,7,3
/comredirect/views/link/tmpl/edit.php,17,4,4,0
/comredirect/views/link/view.html.php,98,4,2,2
/comredirect/views/links/tmpl/default.php,159,2,1,1
/comredirect/views/links/view.html.php,56,2,1,1
/components/comsearch/controller.php,64,7,6,1
/comsearch/controllers/searches.php,277,8,7,1
/components/comsearch/helpers/search.php,43,1,1,0
/components/comsearch/models/searches.php,277,6,5,1
administrator/components/comsearch/search.php,43,1,1,0
/comsearch/views/searches/view.html.php,87,10,9,1
/components/comtemplates/controller.php,68,1,1,0
/comtemplates/controllers/source.php,235,1,1,0
/comtemplates/controllers/styles.php,57,12,12,0
/comtemplates/controllers/template.php,25,9,5,4
/comtemplates/helpers/templates.php,25,4,2,2
/components/comtemplates/models/styles.php,177,2,1,1
/components/comtemplates/models/template.php,108,4,2,2
/components/comtemplates/templates.php,89,4,2,2
/comtemplates/views/prevuuw/view.html.php,67,56,27,29
/comtemplates/views/source/tmpl/editftp.php,16,6,3,3
/comtemplates/views/source/view.html.php,195,126,64,62
/comtemplates/views/style/view.html.php,210,12,9,3
/comtemplates/views/styles/view.html.php,57,8,4,4
/comtemplates/views/template/tmpl/default.php,195,25,7,18
/comtemplates/views/template/view.html.php,15,4,2,2
/comtemplates/views/templates/view.html.php,55,4,2,2
administrator/components/comusers/controller.php,91,15,8,7
/components/comusers/controllers/config.php,126,5,5,0
/components/comusers/controllers/level.php,130,7,5,2
/components/comusers/controllers/mail.php,119,5,5,0
/components/comusers/controllers/user.php,105,18,9,9
/components/comusers/controllers/users.php,171,5,5,0
/components/comusers/helpers/users.php,267,111,69,42
/components/comusers/models/group.php,189,1,1,0
/components/comusers/models/level.php,206,2,1,1
/components/comusers/models/user.php,195,33,33,0
/components/comusers/models/users.php,77,13,12,1
administrator/components/comusers/users.php,196,1,1,0
/comusers/views/debuggroup/view.html.php,79,24,24,0
/comusers/views/debuguser/view.html.php,253,88,68,20
/comusers/views/group/view.html.php,99,2,2,0
/comusers/views/groups/view.html.php,92,1,1,0
/comusers/views/level/view.html.php,127,3,2,1
/comusers/views/levels/view.html.php,137,17,12,5
/components/comusers/views/mail/view.html.php,105,10,5,5
/components/comusers/views/note/view.html.php,139,8,4,4
/comusers/views/notes/tmpl/default.php,256,5,4,1
/comusers/views/notes/view.html.php,139,6,3,3
/components/comusers/views/user/view.html.php,191,33,22,11
/comusers/views/users/tmpl/defaultbatch.php,34,1,1,0
/comusers/views/users/view.html.php,28,1,0,1
/components/comweblinks/controller.php,261,2,1,1
/comweblinks/controllers/weblink.php,66,29,28,1
/components/comweblinks/helpers/weblinks.php,85,7,6,1
/components/comweblinks/tables/weblink.php,234,4,2,2
/comweblinks/views/weblink/view.html.php,40,4,2,2
/comweblinks/views/weblinks/view.html.php,40,4,2,2
/components/comweblinks/weblinks.php,45,1,1,0
administrator/includes/defines.php,66,2,1,1
administrator/includes/helper.php,30,1,1,0
administrator/modules/modfeed/helper.php,86,1,1,0
administrator/modules/modlatest/helper.php,53,2,2,0
administrator/modules/modlogin/helper.php,29,1,1,0
/modules/modmenu/tmpl/defaultenabled.php,92,1,1,0
administrator/modules/modpopular/helper.php,87,4,4,0
administrator/modules/modtitle/modtitle.php,133,22,16,6
/hathor/html/combanners/banners/default.php,228,16,13,3
/hathor/html/comcache/cache/default.php,51,4,4,0
/hathor/html/comcontent/article/edit.php,28,9,8,1
/hathor/html/comcontent/articles/modal.php,139,22,12,10
/hathor/html/cominstaller/manage/default.php,34,46,27,19
/html/comlanguages/languages/default.php,208,26,14,12
/templates/hathor/html/commenus/item/edit.php,160,74,40,34
/hathor/html/commenus/items/default.php,160,57,31,26
/hathor/html/commodules/modules/default.php,147,60,32,28
/hathor/html/comusers/notes/default.php,152,59,32,27
build/build.php,32,10,5,5
/Sniffs/Classes/InstantiateNewClassesSniff.php,44,2,1,1
/ControlStructures/ElseIfDeclarationSniff.php,63,35,23,12
/Joomla/Sniffs/PHP/LowerCaseConstantSniff.php,39,4,2,2
/WhiteSpace/SuperfluousWhitespaceSniff.php,92,34,20,14
cli/finderindexer.php,32,11,10,1
cli/garbagecron.php,44,35,22,13
cli/updatecron.php,14,16,11,5
components/combanners/banners.php,77,21,15,6
components/combanners/controller.php,92,27,15,12
components/combanners/models/banner.php,86,2,1,1
components/combanners/models/banners.php,45,2,1,1
components/comcontact/contact.php,204,2,0,2
components/comcontact/controller.php,86,16,8,8
components/comcontact/controllers/contact.php,86,2,1,1
components/comcontact/models/categories.php,161,150,0,150
components/comcontact/models/category.php,81,24,14,10
components/comcontact/models/contact.php,260,11,8,3
components/comcontact/models/featured.php,260,6,3,3
components/comcontact/router.php,147,6,6,0
/comcontact/views/categories/tmpl/default.php,61,2,1,1
/comcontact/views/categories/view.html.php,42,70,15,55
/comcontact/views/category/tmpl/default.php,41,61,57,4
/views/category/tmpl/defaultitems.php,56,1,1,0
/comcontact/views/category/view.feed.php,142,7,4,3
/comcontact/views/category/view.html.php,160,10,7,3
/comcontact/views/contact/tmpl/default.php,160,4,2,2
components/comcontact/views/contact/view.vcf.php,147,4,2,2
/views/featured/tmpl/defaultitems.php,152,4,2,2
/comcontact/views/featured/view.html.php,63,2,1,1
components/comcontent/content.php,39,1,1,0
components/comcontent/controller.php,92,9,8,1
components/comcontent/controllers/article.php,32,4,3,1
components/comcontent/helpers/route.php,44,2,2,0
components/comcontent/models/archive.php,14,2,1,1
components/comcontent/models/articles.php,81,2,1,1
components/comcontent/models/categories.php,92,12,7,5
components/comcontent/models/category.php,32,2,1,1
components/comcontent/models/featured.php,44,2,1,1
components/comcontent/router.php,63,10,10,0
/comcontent/views/archive/tmpl/default.php,147,2,1,1
/comcontent/views/archive/view.html.php,196,1,1,0
/comcontent/views/article/tmpl/default.php,90,6,2,4
/views/article/tmpl/defaultlinks.php,202,2,0,2
/comcontent/views/categories/tmpl/default.php,69,2,1,1
/comcontent/views/categories/view.html.php,57,12,11,1
/comcontent/views/category/tmpl/blog.php,27,6,6,0
/comcontent/views/category/tmpl/blogitem.php,20,3,2,1
/comcontent/views/category/tmpl/default.php,20,3,2,1
/views/category/tmpl/defaultarticles.php,129,6,6,0
/comcontent/views/category/view.feed.php,,17,0,17
/comcontent/views/category/view.html.php,,381,0,381
/views/featured/tmpl/defaultitem.php,53,22,22,0
/comcontent/views/featured/view.feed.php,140,10,10,0
components/comcontent/views/form/tmpl/edit.php,18,2,1,1
components/comcontent/views/form/view.html.php,151,10,10,0
components/comfinder/controller.php,18,2,1,1
/comfinder/controllers/suggestions.json.php,69,3,3,0
components/comfinder/finder.php,92,13,13,0
components/comfinder/helpers/html/filter.php,128,1,0,1
components/comfinder/helpers/html/query.php,32,1,1,0
components/comfinder/models/search.php,116,4,2,2
/comfinder/views/search/tmpl/default.php,61,1,1,0
/views/search/tmpl/defaultresult.php,92,1,1,0
components/comfinder/views/search/view.feed.php,47,1,1,0
components/comfinder/views/search/view.html.php,70,6,4,2
/comfinder/views/search/view.opensearch.php,65,3,2,1
components/commailto/controller.php,96,29,24,5
components/commailto/mailto.php,58,13,11,2
components/commailto/views/mailto/view.html.php,53,1,1,0
components/commailto/views/sent/view.html.php,34,1,1,0
components/commedia/controller.php,56,3,3,0
components/commedia/media.php,31,1,1,0
components/comnewsfeeds/controller.php,44,2,0,2
components/comnewsfeeds/models/categories.php,147,9,8,1
components/comnewsfeeds/models/category.php,45,2,1,1
components/comnewsfeeds/models/newsfeed.php,60,2,1,1
components/comnewsfeeds/newsfeeds.php,17,6,5,1
/views/categories/tmpl/default.php,140,4,1,3
/comnewsfeeds/views/categories/view.html.php,34,4,1,3
/comnewsfeeds/views/category/tmpl/default.php,173,4,1,3
/comnewsfeeds/views/category/view.html.php,60,4,1,3
/comnewsfeeds/views/newsfeed/tmpl/default.php,142,4,1,3
components/comsearch/controller.php,160,4,1,3
components/comsearch/models/search.php,160,4,1,3
components/comsearch/search.php,147,4,1,3
/comsearch/views/search/tmpl/default.php,152,4,1,3
components/comsearch/views/search/view.html.php,32,4,1,3
/comsearch/views/search/view.opensearch.php,44,4,1,3
components/comusers/controller.php,63,4,1,3
components/comusers/controllers/profile.php,39,4,1,3
components/comusers/controllers/registration.php,92,4,1,3
components/comusers/controllers/remind.php,32,4,1,3
components/comusers/controllers/reset.php,44,4,1,3
components/comusers/controllers/user.php,14,4,1,3
components/comusers/helpers/route.php,92,4,1,3
components/comusers/models/profile.php,92,4,1,3
components/comusers/models/reset.php,165,4,1,3
components/comusers/users.php,53,4,1,3
/comusers/views/login/tmpl/defaultlogin.php,20,4,1,3
components/comusers/views/login/view.html.php,20,4,1,3
components/comusers/views/profile/tmpl/edit.php,75,3,3,0
components/comusers/views/profile/view.html.php,95,4,2,2
/comusers/views/registration/tmpl/default.php,39,5,5,0
/comusers/views/registration/view.html.php,,0,0,0
components/comusers/views/remind/view.html.php,49,3,3,0
components/comusers/views/reset/view.html.php,41,4,2,2
components/comweblinks/controller.php,41,4,2,2
components/comweblinks/models/categories.php,64,6,0,6
components/comweblinks/models/category.php,30,8,0,8
/comweblinks/views/categories/view.html.php,43,44,7,37
/comweblinks/views/category/tmpl/default.php,64,3,1,2
/comweblinks/views/category/view.feed.php,147,44,40,4
/comweblinks/views/category/view.html.php,8,2,2,0
components/comweblinks/views/form/tmpl/edit.php,43,5,2,3
components/comweblinks/views/form/view.html.php,53,2,1,1
components/comweblinks/weblinks.php,34,2,1,1
components/comwrapper/controller.php,41,41,17,24
/comwrapper/views/wrapper/tmpl/default.php,124,41,1,40
/comwrapper/views/wrapper/view.html.php,7,2,1,1
components/comwrapper/wrapper.php,48,33,15,18
includes/defines.php,4,13,5,8
installation/controller.php,186,120,70,50
installation/controllers/setup.php,64,3,1,2
installation/helpers/database.php,226,6,3,3
installation/includes/application.php,5,5,2,3
installation/includes/router.php,9,2,0,2
installation/index.php,9,2,0,2
installation/models/fields/sample.php,9,2,0,2
installation/models/migration.php,10,2,0,2
installation/models/setup.php,56,2,0,2
installation/template/index.php,11,2,0,2
installation/views/complete/view.html.php,31,2,0,2
installation/views/database/view.html.php,5,2,0,2
installation/views/filesystem/view.html.php,5,2,0,2
installation/views/language/view.html.php,5,2,0,2
installation/views/license/view.html.php,5,2,0,2
installation/views/preinstall/view.html.php,5,2,0,2
installation/views/remove/view.html.php,9,2,0,2
installation/views/site/tmpl/default.php,44,4,1,3
installation/views/site/view.html.php,5,2,0,2
libraries/cms.php,147,10,4,6
libraries/cms/cmsloader.php,10,4,1,3
libraries/cms/controller/legacy.php,23,2,0,2
libraries/cms/form/field/captcha.php,25,2,0,2
/form/fieldscms/form/field/helpsite.php,119,4,1,3
/form/fieldscms/form/field/menu.php,137,4,1,3
/fieldscms/form/field/templatestyle.php,72,4,1,3
/form/fieldscms/form/field/user.php,93,2,0,2
libraries/cms/form/rule/captcha.php,45,2,0,2
libraries/cms/language/multilang.php,9,2,0,2
libraries/cms/model/legacy.php,9,2,0,2
libraries/cms/schema/changeitem.php,45,4,1,3
libraries/cms/schema/changeitemsqlazure.php,64,4,1,3
libraries/cms/schema/changeset.php,66,4,1,3
libraries/cms/view/legacy.php,10,6,2,4
libraries/joomla/access/access.php,18,4,1,3
libraries/joomla/access/rule.php,28,4,1,3
libraries/joomla/access/rules.php,12,4,1,3
libraries/joomla/application/base.php,82,4,1,3
libraries/joomla/application/cli.php,52,4,1,3
libraries/joomla/application/cli/daemon.php,70,4,1,3
/joomla/application/component/modelform.php,18,4,1,3
/joomla/application/component/modelitem.php,80,4,1,3
libraries/joomla/application/input.php,65,4,1,3
libraries/joomla/application/input/files.php,35,4,1,3
libraries/joomla/application/menu.php,30,4,1,3
libraries/joomla/application/pathway.php,85,4,1,3
libraries/joomla/base/adapter.php,96,4,1,3
libraries/joomla/base/adapterinstance.php,47,4,1,3
libraries/joomla/base/node.php,44,4,1,3
libraries/joomla/base/tree.php,58,4,1,3
libraries/joomla/crypt/cipher.php,29,4,1,3
libraries/joomla/crypt/cipher/simple.php,54,6,2,4
libraries/joomla/crypt/key.php,195,6,2,4
libraries/joomla/database/exception.php,6,6,2,4
libraries/joomla/database/table/menutype.php,4,4,1,3
libraries/joomla/database/table/module.php,92,4,1,3
libraries/joomla/database/table/session.php,15,4,1,3
libraries/joomla/document/error/error.php,87,4,1,3
libraries/joomla/document/json/json.php,133,4,1,3
/joomla/document/opensearch/opensearch.php,34,4,1,3
libraries/joomla/document/raw/raw.php,42,6,1,5
/filesystem/support/stringcontroller.php,34,4,1,3
libraries/joomla/form/fields/spacer.php,13,4,1,3
libraries/joomla/form/rule.php,25,4,1,3
libraries/joomla/form/rules/color.php,22,4,1,3
libraries/joomla/form/rules/equals.php,16,4,1,3
libraries/joomla/form/rules/options.php,34,4,1,3
libraries/joomla/form/rules/rules.php,42,4,1,3
libraries/joomla/form/rules/username.php,90,4,1,3
libraries/joomla/github/forks.php,75,4,1,3
libraries/joomla/github/pulls.php,99,4,1,3
libraries/joomla/github/refs.php,41,4,1,3
libraries/joomla/html/html/email.php,134,4,1,3
libraries/joomla/html/html/form.php,40,4,1,3
libraries/joomla/html/html/user.php,50,4,1,3
libraries/joomla/html/toolbar.php,6,4,1,3
libraries/joomla/http/response.php,73,4,1,3
libraries/joomla/image/filters/brightness.php,16,4,1,3
libraries/joomla/image/filters/contrast.php,105,4,1,3
libraries/joomla/image/filters/edgedetect.php,60,4,1,3
libraries/joomla/language/helper.php,129,4,1,3
libraries/joomla/log/logexception.php,110,6,2,4
libraries/joomla/log/loggers/messagequeue.php,182,6,2,4
libraries/joomla/session/storage.php,16,4,1,3
libraries/joomla/session/storage/apc.php,268,6,2,4
libraries/joomla/session/storage/database.php,270,6,2,4
libraries/joomla/session/storage/eaccelerator.php,87,6,2,4
libraries/joomla/session/storage/memcache.php,114,6,2,4
libraries/joomla/session/storage/none.php,137,4,1,3
libraries/joomla/session/storage/wincache.php,41,4,1,3
libraries/joomla/session/storage/xcache.php,7,4,1,3
libraries/joomla/updater/adapters/extension.php,7,10,4,6
libraries/joomla/utilities/xmlelement.php,140,2,0,2
libraries/loader.php,24,4,1,3
/phpmailer/language/phpmailer.langjoomla.php,12,4,1,3
libraries/phpmailer/pop3.php,84,4,1,3
libraries/phputf8/mbstring/core.php,115,4,1,3
libraries/phputf8/strireplace.php,5,4,1,3
libraries/phputf8/strpad.php,205,6,2,4
libraries/phputf8/strsplit.php,5,6,2,4
libraries/phputf8/strcasecmp.php,187,6,2,4
libraries/phputf8/strcspn.php,68,4,1,3
libraries/phputf8/stristr.php,16,4,1,3
libraries/phputf8/strrev.php,88,4,1,3
libraries/phputf8/strspn.php,102,4,1,3
libraries/phputf8/substrreplace.php,70,4,1,3
libraries/phputf8/trim.php,101,4,1,3
libraries/phputf8/ucfirst.php,16,4,1,3
libraries/phputf8/ucwords.php,59,4,1,3
libraries/phputf8/utils/ascii.php,4,4,1,3
libraries/phputf8/utils/patterns.php,16,6,2,4
libraries/phputf8/utils/specials.php,16,4,1,3
modules/modarticlesarchive/helper.php,4,4,1,3
modules/modarticlescategories/helper.php,33,4,1,3
modules/modarticlescategory/helper.php,4,4,1,3
modules/modarticleslatest/helper.php,16,4,1,3
modules/modarticlesnews/helper.php,6,4,1,3
modules/modarticlesnews/tmpl/item.php,4,4,1,3
modules/modarticlespopular/helper.php,36,4,1,3
modules/modbanners/helper.php,86,4,1,3
modules/modbanners/modbanners.php,4,4,1,3
modules/modbreadcrumbs/tmpl/default.php,6,4,1,3
modules/modfeed/helper.php,5,4,1,3
modules/modfinder/helper.php,104,4,1,3
modules/modlanguages/helper.php,128,4,1,3
modules/modlanguages/tmpl/default.php,396,4,1,3
modules/modlogin/tmpl/default.php,104,4,1,3
modules/modmenu/helper.php,317,16,4,12
modules/modmenu/tmpl/defaulturl.php,8,4,1,3
modules/modrandomimage/helper.php,42,4,1,3
modules/modweblinks/helper.php,25,4,1,3
modules/modwrapper/modwrapper.php,31,4,1,3
modules/modwrapper/tmpl/default.php,40,6,2,4
plugins/captcha/recaptcha/recaptcha.php,116,14,4,10
plugins/content/joomla/joomla.php,15,4,1,3
plugins/editorsxtd/article/article.php,23,4,1,3
plugins/finder/categories/categories.php,26,4,1,3
plugins/finder/content/content.php,23,4,1,3
plugins/finder/newsfeeds/newsfeeds.php,106,4,1,3
plugins/finder/weblinks/weblinks.php,26,4,1,3
/quickicon/extensionupdate/extensionupdate.php,19,6,2,4
plugins/quickicon/joomlaupdate/joomlaupdate.php,16,6,2,4
plugins/system/cache/cache.php,54,8,3,5
plugins/system/logout/logout.php,139,6,2,4
plugins/system/sef/sef.php,34,4,1,3
plugins/user/joomla/joomla.php,34,6,2,4
plugins/user/profile/fields/tos.php,28,8,3,5
templates/atomic/index.php,50,6,2,4
/beez5/html/comcontent/archive/default.php,102,4,1,3
/beez5/html/comcontent/article/default.php,92,4,1,3
/beez5/html/comcontent/categories/default.php,13,6,2,4
/beez5/html/comcontent/category/blog.php,11,4,1,3
/beez5/html/comcontent/category/blogitem.php,41,4,1,3
/beez5/html/comcontent/category/default.php,43,6,2,4
/comcontent/category/defaultarticles.php,67,4,1,3
/html/comcontent/featured/defaultitem.php,56,6,2,4
templates/beez5/index.php,16,4,1,3
templates/beez20/component.php,45,4,1,3
templates/beez20/index.php,73,4,1,3
templates/system/offline.php,27,10,4,6
tests/system/phpunit.php,124,6,2,4
tests/system/suite/TestSuite.php,61,6,2,4
tests/system/suite/articles/article0002Test.php,27,8,3,5
tests/system/suite/articles/article0004Test.php,35,4,1,3
/suite/controlpanel/controlpanel0003Test.php,26,4,1,3
/suite/controlpanel/controlpanel0004Test.php,15,4,1,3
/suite/controlpanel/controlpanel0005Test.php,103,4,1,3
tests/system/suite/doInstall.php,131,4,1,3
tests/system/suite/language/language0002Test.php,36,4,1,3
tests/system/suite/modules/module0002Test.php,13,4,1,3
tests/system/suite/security/security0001Test.php,95,4,1,3
tests/unit/suite/libraries/JLoaderTest.php,49,4,1,3
/libraries/joomla/JFrameworkConfigTest.php,61,4,1,3
tests/unit/suite/libraries/joomla/JRouteTest.php,41,4,1,3
tests/unit/suite/libraries/joomla/JTextTest.php,17,4,1,3
/suite/libraries/joomla/access/JAccessTest.php,55,4,1,3
/suite/libraries/joomla/access/JRuleTest.php,73,4,1,3
/suite/libraries/joomla/access/JRulesTest.php,79,4,1,3
/joomla/application/JApplicationHelperTest.php,169,4,1,3
/joomla/application/JCategoriesTest.php,40,6,2,4
/joomla/application/JCategoryNodeTest.php,99,12,5,7
/libraries/joomla/application/JPathwayTest.php,85,10,4,6
/component/JComponentHelperTest.php,35,4,1,3
/application/component/JControllerFormTest.php,142,4,1,3
/application/component/JControllerHelper.php,307,4,1,3
/application/component/JModelAdminTest.php,209,7,1,6
/application/component/JModelFormTest.php,69,4,1,3
/application/component/JModelItemTest.php,148,4,1,3
/application/component/JModelListTest.php,7,4,1,3
/joomla/application/component/JModelTest.php,7,4,1,3
/controller/JControllerFormTest.php,20,4,1,3
/application/controller/controllerclasses.php,12,4,1,3
/application/module/JModuleHelperTest.php,12,4,1,3
/joomla/base/JAdapterInstanceTest.php,8,4,1,3
/suite/libraries/joomla/base/JAdapterTest.php,8,4,1,3
/suite/libraries/joomla/base/JNodeTest.php,8,4,1,3
/libraries/joomla/base/JObservableTest.php,8,4,1,3
/suite/libraries/joomla/base/JObserverTest.php,8,4,1,3
/suite/libraries/joomla/base/JTreeTest.php,12,4,1,3
/joomla/base/adapters/testadapter.php,22,4,1,3
/joomla/base/adapters/testadapter2.php,51,4,1,3
/joomla/base/adapters/testadapter3.php,164,4,1,3
/joomla/base/adapters/testadapter4.php,30,4,1,3
/joomla/cache/JCacheConstructTest.php,87,4,1,3
/libraries/joomla/cache/JCacheStorageTest.php,115,4,1,3
/JCacheControllerCallback.helper.php,21,4,1,3
/JCacheControllerCallbackCallbackTest.php,32,4,1,3
/controller/JCacheControllerCallbackTest.php,116,4,1,3
/controller/JCacheControllerOutputTest.php,27,6,1,5
/cache/controller/JCacheControllerPageTest.php,21,4,1,3
/cache/controller/JCacheControllerRaw.php,57,4,1,3
/cache/controller/JCacheControllerViewTest.php,19,4,1,3
/joomla/cache/storage/JCacheStorageApcTest.php,27,4,1,3
/storage/JCacheStorageEacceleratorTest.php,61,4,1,3
/cache/storage/JCacheStorageFileTest.php,13,4,1,3
/cache/storage/JCacheStorageMainTest.php,21,4,1,3
/cache/storage/JCacheStorageMemcacheTest.php,22,4,1,3
/joomla/cache/storage/JCacheStorageMock.php,6,4,1,3
/cache/storage/JCacheStorageXCacheTest.php,70,4,1,3
/libraries/joomla/client/JClientHelperTest.php,71,8,3,5
/joomla/database/JDatabaseQueryElementTest.php,31,6,2,4
/joomla/database/table/JTableAssetTest.php,79,6,2,4
/joomla/database/table/JTableCategoryTest.php,33,4,1,3
/joomla/database/table/JTableContentTest.php,33,4,1,3
/joomla/database/table/JTableExtensionTest.php,8,6,2,4
/joomla/database/table/JTableLanguageTest.php,20,4,1,3
/joomla/database/table/JTableMenuTest.php,39,4,1,3
/joomla/database/table/JTableMenuTypeTest.php,48,4,1,3
/joomla/database/table/JTableModuleTest.php,48,6,2,4
/joomla/database/table/JTableSessionTest.php,92,4,1,3
/joomla/database/table/JTableUpdateTest.php,47,4,1,3
/joomla/database/table/JTableUserTest.php,28,4,1,3
/joomla/database/table/JTableUsergroupTest.php,17,4,1,3
/joomla/database/table/JTableViewlevelTest.php,79,4,1,3
/joomla/document/JDocumentRendererTest.php,19,4,1,3
/joomla/document/error/JDocumentErrorTest.php,13,4,1,3
/joomla/document/feed/JDocumentFeedTest.php,60,4,1,3
/feed/renderer/JDocumentRendererAtomTest.php,6,4,1,3
/feed/renderer/JDocumentRendererRSSTest.php,21,4,1,3
/renderer/JDocumentRendererComponentTest.php,49,3,1,2
/html/renderer/JDocumentRendererHeadTest.php,29,3,1,2
/renderer/JDocumentRendererMessageTest.php,21,5,2,3
/html/renderer/JDocumentRendererModuleTest.php,259,4,1,3
/renderer/JDocumentRendererModulesTest.php,40,2,1,1
/joomla/document/json/JDocumentJSONTest.php,99,2,1,1
/joomla/document/raw/JDocumentRAWTest.php,85,2,1,1
/joomla/document/xml/JDocumentXMLTest.php,209,9,5,4
/environment/JFilterInputmockgeneral.php,209,4,2,2
/environment/JRequesthelperdataset.php,40,16,16,0
/joomla/environment/JRequestCleanTest.php,111,28,26,2
/joomla/environment/JRequestGetVarTest.php,24,1,1,0
/joomla/environment/JRequestGetmethodTest.php,54,15,14,1
/joomla/environment/JResponseTest.php,90,8,3,5
/joomla/environment/JURImockgeneral.php,44,3,3,0
/libraries/joomla/error/JExceptionTest.php,33,1,0,1
/suite/libraries/joomla/error/JLogTest.php,24,2,0,2
/libraries/joomla/error/JProfilerTest.php,41,1,0,1
/suite/libraries/joomla/error/inspectors.php,176,4,2,2
/libraries/joomla/event/JDispatcherTest.php,204,16,10,6
/libraries/joomla/filesystem/JArchiveTest.php,232,13,7,6
/joomla/filesystem/JFilesystemHelperTest.php,207,33,17,16
/joomla/filesystem/JFolderhelperdataset.php,53,1,1,0
/libraries/joomla/filesystem/JFolderTest.php,44,2,1,1
/libraries/joomla/filesystem/JPathTest.php,293,59,58,1
/filesystem/archive/JArchiveBzip2Test.php,175,2,1,1
/filesystem/archive/JArchiveGzipTest.php,176,2,1,1
/joomla/filesystem/archive/JArchiveTarTest.php,5,2,1,1
/filesystem/streams/JStreamStringTest.php,169,57,56,1
/filesystem/support/JStringControllerTest.php,19,26,25,1
/libraries/joomla/filter/JFilterOutputTest.php,232,2,1,1
/libraries/joomla/form/JFormDataHelper.php,166,3,1,2
/suite/libraries/joomla/form/JFormRuleTest.php,175,2,1,1
/libraries/joomla/form/testfields/test.php,176,2,1,1
/libraries/joomla/form/testrules/custom.php,103,4,2,2
/form/fields/JFormFieldAccessLevelTest.php,207,6,3,3
/form/fields/JFormFieldCacheHandlersTest.php,101,4,2,2
/joomla/form/fields/JFormFieldCategoryTest.php,232,2,1,1
/joomla/form/fields/JFormFieldCheckboxTest.php,161,2,1,1
/joomla/form/fields/JFormFieldComboTest.php,34,2,1,1
/fields/JFormFieldComponentLayoutsTest.php,18,12,11,1
/fields/JFormFieldContentLanguagesTest.php,18,12,12,0
/joomla/form/fields/JFormFieldEditorTest.php,18,12,12,0
/joomla/form/fields/JFormFieldEditorsTest.php,295,13,11,2
/joomla/form/fields/JFormFieldFileTest.php,13,14,7,7
/joomla/form/fields/JFormFieldHelpsiteTest.php,13,14,7,7
/joomla/form/fields/JFormFieldHiddenTest.php,12,14,7,7
/joomla/form/fields/JFormFieldIntegerTest.php,203,5,2,3
/joomla/form/fields/JFormFieldLanguageTest.php,287,54,23,31
/joomla/form/fields/JFormFieldListTest.php,122,182,182,0
/joomla/form/fields/JFormFieldMediaTest.php,70,2,1,1
/form/fields/JFormFieldModuleLayoutsTest.php,65,2,1,1
/joomla/form/fields/JFormFieldPasswordTest.php,87,10,5,5
/joomla/form/fields/JFormFieldRadioTest.php,147,11,5,6
/joomla/form/fields/JFormFieldRulesTest.php,48,6,6,0
/form/fields/JFormFieldSessionHandlersTest.php,185,21,0,21
/joomla/form/fields/JFormFieldSpacerTest.php,83,2,1,1
/form/fields/JFormFieldTemplateStyleTest.php,119,4,2,2
/joomla/form/fields/JFormFieldTextTest.php,105,4,2,2
/joomla/form/fields/JFormFieldTextareaTest.php,180,2,1,1
/joomla/form/fields/JFormFieldTimezoneTest.php,65,2,1,1
/joomla/form/fields/JFormFieldUserTest.php,40,19,19,0
/form/fields/JFormFieldUsergroupTest.php,40,2,1,1
/form/fields/inspectors/JFormFieldCalendar.php,36,5,4,1
/joomla/form/rules/JFormRuleBooleanTest.php,183,3,2,1
/joomla/form/rules/JFormRuleEmailTest.php,183,4,2,2
/joomla/form/rules/JFormRuleEqualsTest.php,291,4,2,2
/joomla/form/rules/JFormRuleRulesTest.php,7,2,1,1
/joomla/form/rules/JFormRuleUsernameTest.php,50,2,1,1
/suite/libraries/joomla/html/JEditorTest.php,87,10,5,5
/libraries/joomla/html/JPaginationTest.php,396,4,0,4
/joomla/html/JPaginationTestHelper.php,299,50,31,19
/suite/libraries/joomla/html/JPaneTest.php,106,18,12,6
/suite/libraries/joomla/html/JToolbarTest.php,68,3,0,3
/joomla/html/html/JHtmlAccessTest.php,21,8,5,3
/joomla/html/html/JHtmlCategoryTest.php,21,8,5,3
/joomla/html/html/JHtmlContentTest.php,21,8,5,3
/libraries/joomla/html/html/JHtmlEmailTest.php,149,8,8,0
/libraries/joomla/html/html/JHtmlFormTest.php,304,8,8,0
/libraries/joomla/html/html/JHtmlGridTest.php,59,29,11,18
/libraries/joomla/html/html/JHtmlImageTest.php,312,5,5,0
/libraries/joomla/html/html/JHtmlJgridTest.php,52,4,4,0
/libraries/joomla/html/html/JHtmlListTest.php,52,2,1,1
/libraries/joomla/html/html/JHtmlMenuTest.php,183,4,2,2
/libraries/joomla/html/html/JHtmlNumber.php,253,21,12,9
/libraries/joomla/html/html/JHtmlRulesTest.php,178,3,3,0
/joomla/html/html/JHtmlSelectTest.php,107,32,16,16
/libraries/joomla/html/htmltests/mocktest.php,176,55,45,10
/libraries/joomla/html/htmltests/mocktest2.php,22,24,17,7
/joomla/html/parameter/JElementTest.php,120,2,1,1
/parameter/element/JElementCalendarTest.php,570,16,16,0
/parameter/element/JElementCategoryTest.php,31,2,1,1
/element/JElementComponentLayoutsTest.php,95,13,12,1
/element/JElementContentLanguagesTest.php,197,16,14,2
/parameter/element/JElementEditorsTest.php,243,19,15,4
/parameter/element/JElementFilelistTest.php,197,2,1,1
/parameter/element/JElementFolderlistTest.php,77,8,4,4
/parameter/element/JElementHelpsitesTest.php,133,4,2,2
/html/parameter/element/JElementHiddenTest.php,207,10,5,5
/parameter/element/JElementImageListTest.php,228,34,17,17
/parameter/element/JElementLanguagesTest.php,102,4,2,2
/html/parameter/element/JElementListTest.php,243,8,4,4
/parameter/element/JElementMenuItemTest.php,120,4,2,2
/html/parameter/element/JElementMenuTest.php,253,4,2,2
/element/JElementModuleLayoutsTest.php,304,4,2,2
/parameter/element/JElementPasswordTest.php,107,4,2,2
/html/parameter/element/JElementRadioTest.php,65,2,1,1
/html/parameter/element/JElementSQLTest.php,22,4,2,2
/html/parameter/element/JElementSpacerTest.php,178,2,1,1
/element/JElementTemplateStyleTest.php,66,18,15,3
/html/parameter/element/JElementTextTest.php,49,34,21,13
/parameter/element/JElementTextareaTest.php,63,3,3,0
/parameter/element/JElementTimezonesTest.php,159,3,3,0
/parameter/element/JElementUserGroupTest.php,112,3,3,0
/libraries/joomla/html/toolbar/JButtonTest.php,101,2,1,1
/html/toolbar/button/JButtonConfirmTest.php,187,28,24,4
/html/toolbar/button/JButtonCustomTest.php,47,11,8,3
/html/toolbar/button/JButtonHelpTest.php,47,2,1,1
/html/toolbar/button/JButtonLinkTest.php,49,4,2,2
/html/toolbar/button/JButtonPopupTest.php,170,1,1,0
/html/toolbar/button/JButtonSeparatorTest.php,46,1,0,1
/html/toolbar/button/JButtonStandardTest.php,59,27,15,12
/libraries/joomla/installer/JExtensionTest.php,59,27,15,12
/joomla/installer/JInstallerHelperTest.php,59,27,15,12
/joomla/installer/JLibraryManifestTest.php,94,14,13,1
/joomla/installer/JPackageManifestTest.php,304,2,1,1
/adapters/JInstallerComponentTest.php,180,8,2,6
/installer/adapters/JInstallerFileTest.php,186,1,1,0
/installer/adapters/JInstallerLanguageTest.php,97,6,0,6
/installer/adapters/JInstallerLibraryTest.php,110,25,17,8
/installer/adapters/JInstallerModuleTest.php,133,8,4,4
/installer/adapters/JInstallerPackageTest.php,195,13,12,1
/installer/adapters/JInstallerPluginTest.php,272,12,12,0
/installer/adapters/JInstallerTemplateTest.php,105,2,1,1
/suite/libraries/joomla/language/JHelpTest.php,54,8,6,2
/libraries/joomla/mail/JMailHelperTest.php,39,6,3,3
/libraries/joomla/plugin/JPluginHelperTest.php,41,6,3,3
/suite/libraries/joomla/plugin/JPluginTest.php,41,6,3,3
/joomla/registry/JRegistryFormatTest.php,186,13,1,12
/registry/format/JRegistryFormatIniTest.php,116,4,2,2
/registry/format/JRegistryFormatJsonTest.php,135,2,1,1
/registry/format/JRegistryFormatPhpTest.php,159,2,1,1
/registry/format/JRegistryFormatXmlTest.php,112,2,1,1
/libraries/joomla/registry/inspectors.php,118,2,1,1
/joomla/session/JSessionStorageTest.php,8,8,4,4
/session/storage/JSessionStorageApcTest.php,24,2,1,1
/storage/JSessionStorageDatabaseTest.php,73,2,1,1
/storage/JSessionStorageEacceleratorTest.php,211,4,2,2
/storage/JSessionStorageMemcacheTest.php,187,2,1,1
/session/storage/JSessionStorageNoneTest.php,97,4,2,2
/session/storage/JSessionStorageXcacheTest.php,116,14,7,7
/joomla/updater/JUpdateAdapterTest.php,74,2,1,1
/libraries/joomla/updater/JUpdateTest.php,80,8,4,4
/libraries/joomla/updater/JUpdaterTest.php,170,8,4,4
/updater/adapters/JUpdaterCollectionTest.php,312,8,4,4
/updater/adapters/JUpdaterExtensionTest.php,122,4,2,2
/joomla/utilities/JSimpleCryptTest.php,45,8,4,4
/libraries/joomla/utilities/JSimpleXMLTest.php,22,4,2,2
/joomla/utilities/JStringhelperdataset.php,166,2,1,1
/components/commedia/helpers/media.php,161,2,1,1
administrator/includes/framework.php,148,2,1,1
includes/framework.php,35,8,4,4
/components/cominstaller/views/database/tmpl/default.php,64,8,4,4
/components/cominstaller/views/database/view.html.php,69,10,5,5
administrator/components/comjoomlaupdate/helpers/download.php,47,8,4,4
components/comcontact/models/rules/contactemail.php,81,8,4,4
components/comcontact/models/rules/contactemailmessage.php,48,23,23,0
components/comcontact/models/rules/contactemailsubject.php,16,2,1,1
libraries/cms/form/field/user.php,197,4,2,2
/components/comcontent/models/article.php,243,8,4,4
administrator/templates/bluestork/error.php,105,25,23,2
administrator/templates/hathor/error.php,113,9,8,1
administrator/templates/system/error.php,50,2,1,1
/comcontact/models/rules/contactemail.php,197,2,1,1
/models/rules/contactemailmessage.php,243,2,1,1
/models/rules/contactemailsubject.php,169,12,7,5
libraries/joomla/form/fields/text.php,231,9,6,3
templates/atomic/error.php,86,20,15,5
templates/beez5/error.php,66,2,1,1
templates/beez20/error.php,52,4,2,2
templates/system/error.php,92,4,2,2
/filesystem/libraries/dummy/helper/hello.php,268,2,1,1
/filesystem/libraries/dummy/model/user.php,270,2,1,1
/filesystem/libraries/dummya/helper/bye.php,67,2,1,1
/filesystem/libraries/dummya/model/form.php,197,16,8,8
tests/unit/suite/libraries/loader.php,86,18,9,9
/comadmin/views/help/tmpl/default.php,133,4,2,2
/components/combanners/models/clients.php,111,9,5,4
/combanners/views/banner/tmpl/edit.php,17,16,8,8
/components/comconfig/helper/component.php,244,23,13,10
/cominstaller/views/install/tmpl/default.php,120,6,3,3
/views/installed/tmpl/default.php,34,12,6,6
/complugins/views/plugin/tmpl/edit.php,142,4,2,2
/views/plugin/tmpl/editoptions.php,63,14,7,7
/comusers/views/users/tmpl/default.php,44,4,2,2
administrator/templates/isis/error.php,189,2,1,1
administrator/templates/isis/index.php,99,2,1,1
installation/views/complete/tmpl/default.php,289,2,1,1
installation/views/remove/tmpl/default.php,6,2,1,1
libraries/cms/feed/person.php,99,2,1,1
libraries/joomla/installer/helper.php,289,2,1,1
libraries/platform.php,6,2,1,1
modules/modlogin/tmpl/defaultlogout.php,69,1,1,0
/beez3/html/comcontact/contact/default.php,120,2,1,1
templates/beez3/index.php,17,4,2,2
templates/beez3/jsstrings.php,64,61,61,0
templates/protostar/error.php,34,10,10,0
templates/protostar/html/modules.php,249,4,2,2
templates/protostar/index.php,198,4,2,2
/components/comadmin/controllers/profile.php,128,20,14,6
/comadmin/helpers/html/directory.php,178,5,4,1
/comadmin/helpers/html/phpsetting.php,102,4,2,2
/components/comadmin/helpers/html/system.php,52,8,1,7
/comadmin/views/profile/tmpl/edit.php,52,13,13,0
/comadmin/views/sysinfo/tmpl/default.php,118,93,50,43
/views/sysinfo/tmpl/defaultconfig.php,160,40,40,0
/views/sysinfo/tmpl/defaultdirectory.php,64,12,11,1
/views/sysinfo/tmpl/defaultphpinfo.php,128,171,101,70
/views/sysinfo/tmpl/defaultphpsettings.php,200,31,31,0
/components/combanners/controllers/client.php,112,17,12,5
/components/combanners/models/banner.php,133,35,5,30
/components/combanners/models/banners.php,249,8,0,8
/components/combanners/models/client.php,117,10,9,1
/combanners/models/fields/bannerclient.php,262,15,6,9
/combanners/models/fields/clicks.php,263,16,7,9
/combanners/models/fields/impmade.php,138,12,10,2
/combanners/models/fields/imptotal.php,26,2,1,1
/combanners/models/fields/ordering.php,122,2,1,1
/components/combanners/models/tracks.php,119,22,10,12
/components/combanners/tables/client.php,145,3,1,2
/views/banners/tmpl/defaultbatch.php,261,27,22,5
/combanners/views/client/tmpl/edit.php,69,50,39,11
/combanners/views/clients/tmpl/default.php,54,1,1,0
/combanners/views/download/tmpl/default.php,54,1,0,1
/combanners/views/tracks/tmpl/default.php,68,19,19,0
/components/comcache/helpers/cache.php,68,19,19,0
/components/comcache/models/cache.php,53,1,1,0
/comcache/views/purge/tmpl/default.php,193,19,7,12
/comcategories/helpers/association.php,72,21,18,3
/html/categoriesadministrator.php,168,83,66,17
/comcategories/models/categories.php,419,58,58,0
/components/comcategories/tables/category.php,69,9,8,1
/views/categories/tmpl/defaultbatch.php,35,8,7,1
/comcategories/views/category/tmpl/edit.php,216,95,93,2
/views/category/tmpl/editassociations.php,216,8,4,4
/views/category/tmpl/editmetadata.php,64,2,1,1
/views/category/tmpl/editoptions.php,155,4,2,2
/comcheckin/views/checkin/tmpl/default.php,141,2,1,1
/comconfig/models/fields/filters.php,48,2,1,1
/comconfig/views/application/tmpl/default.php,124,2,1,1
/views/application/tmpl/defaultcache.php,260,2,1,1
/views/application/tmpl/defaultcookie.php,93,2,1,1
/views/application/tmpl/defaultdatabase.php,136,2,1,1
/views/application/tmpl/defaultdebug.php,95,4,2,2
/views/application/tmpl/defaultfilters.php,73,6,3,3
/views/application/tmpl/defaultftp.php,120,2,1,1
/views/application/tmpl/defaultftplogin.php,360,12,10,2
/views/application/tmpl/defaultlocale.php,111,12,12,0
/views/application/tmpl/defaultmail.php,153,2,1,1
/views/application/tmpl/defaultmetadata.php,272,2,1,1
/views/application/tmpl/defaultnavigation.php,117,2,1,1
/application/tmpl/defaultpermissions.php,35,4,2,2
/views/application/tmpl/defaultseo.php,135,2,1,1
/views/application/tmpl/defaultserver.php,159,2,1,1
/views/application/tmpl/defaultsession.php,112,2,1,1
/views/application/tmpl/defaultsite.php,118,2,1,1
/views/application/tmpl/defaultsystem.php,8,8,4,4
/comconfig/views/component/tmpl/default.php,24,2,1,1
/views/component/tmpl/defaultnavigation.php,73,2,1,1
/comcontact/helpers/html/contact.php,211,4,2,2
/components/comcontact/models/contact.php,187,2,1,1
/components/comcontact/models/contacts.php,97,4,2,2
/comcontact/models/fields/modal/contacts.php,116,14,7,7
/comcontact/models/fields/ordering.php,74,2,1,1
/comcontact/views/contact/tmpl/edit.php,80,8,4,4
/views/contact/tmpl/editassociations.php,170,8,4,4
/views/contact/tmpl/editmetadata.php,312,8,4,4
/views/contact/tmpl/editparams.php,122,4,2,2
/comcontact/views/contacts/tmpl/default.php,45,8,4,4
/views/contacts/tmpl/defaultbatch.php,22,4,2,2
/comcontact/views/contacts/tmpl/modal.php,166,2,1,1
/helpers/html/contentadministrator.php,161,2,1,1
/components/comcontent/models/articles.php,148,2,1,1
/components/comcontent/models/feature.php,35,8,4,4
/components/comcontent/models/featured.php,64,8,4,4
/comcontent/models/fields/modal/article.php,69,10,5,5
/components/comcontent/tables/featured.php,47,8,4,4
/views/article/tmpl/editassociations.php,81,8,4,4
/views/article/tmpl/editmetadata.php,48,23,23,0
/comcontent/views/article/tmpl/pagebreak.php,16,2,1,1
/comcontent/views/articles/tmpl/default.php,197,4,2,2
/views/articles/tmpl/defaultbatch.php,243,8,4,4
/comcontent/views/featured/tmpl/default.php,105,25,23,2
/comcpanel/views/cpanel/tmpl/default.php,113,9,8,1
/components/comfinder/helpers/html/finder.php,50,2,1,1
/comfinder/helpers/indexer/driver/mysql.php,197,2,1,1
/comfinder/helpers/indexer/parser.php,243,2,1,1
/comfinder/helpers/indexer/parser/html.php,169,12,7,5
/comfinder/helpers/indexer/parser/rtf.php,231,9,6,3
/comfinder/helpers/indexer/parser/txt.php,86,20,15,5
/comfinder/helpers/indexer/result.php,66,2,1,1
/comfinder/helpers/indexer/stemmer.php,52,4,2,2
/comfinder/helpers/indexer/stemmer/fr.php,92,4,2,2
/helpers/indexer/stemmer/porteren.php,268,2,1,1
/comfinder/helpers/indexer/token.php,270,2,1,1
/comfinder/models/fields/directories.php,67,2,1,1
/comfinder/models/fields/searchfilter.php,197,16,8,8
/components/comfinder/models/filter.php,86,18,9,9
/components/comfinder/models/filters.php,133,4,2,2
/components/comfinder/models/index.php,111,9,5,4
/components/comfinder/models/maps.php,17,16,8,8
/comfinder/views/filter/tmpl/edit.php,244,23,13,10
/comfinder/views/filters/tmpl/default.php,120,6,3,3
/comfinder/views/indexer/tmpl/default.php,34,12,6,6
/comfinder/views/statistics/tmpl/default.php,142,4,2,2
/components/cominstaller/models/database.php,63,14,7,7
/components/cominstaller/models/discover.php,44,4,2,2
/components/cominstaller/models/extension.php,189,2,1,1
/cominstaller/views/database/tmpl/default.php,99,2,1,1
/views/default/tmpl/defaultftp.php,289,2,1,1
/views/default/tmpl/defaultmessage.php,6,2,1,1
/cominstaller/views/discover/tmpl/default.php,99,2,1,1
/cominstaller/views/update/view.html.php,289,2,1,1
/cominstaller/views/warnings/tmpl/default.php,6,2,1,1
/comlanguages/controllers/language.php,69,1,1,0
/comlanguages/helpers/jsonresponse.php,120,2,1,1
/views/multilangstatus/tmpl/default.php,17,4,2,2
/views/overrides/tmpl/default.php,64,61,61,0
/comlogin/views/login/tmpl/default.php,34,10,10,0
/commedia/views/imageslist/tmpl/default.php,249,4,2,2
/views/imageslist/tmpl/defaultfolder.php,198,4,2,2
/views/imageslist/tmpl/defaultimage.php,128,20,14,6
/views/media/tmpl/defaultfolders.php,178,5,4,1
/views/media/tmpl/defaultnavigation.php,102,4,2,2
/commedia/views/medialist/tmpl/default.php,52,8,1,7
/commedia/views/medialist/tmpl/details.php,52,13,13,0
/views/medialist/tmpl/detailsdoc.php,118,93,50,43
/views/medialist/tmpl/detailsfolder.php,160,40,40,0
/views/medialist/tmpl/detailsimg.php,64,12,11,1
/commedia/views/medialist/tmpl/detailsup.php,128,171,101,70
/commedia/views/medialist/tmpl/thumbs.php,200,31,31,0
/commedia/views/medialist/tmpl/thumbsdoc.php,112,17,12,5
/views/medialist/tmpl/thumbsfolder.php,133,35,5,30
/commedia/views/medialist/tmpl/thumbsimg.php,249,8,0,8
/commedia/views/medialist/tmpl/thumbsup.php,117,10,9,1
/commenus/models/fields/menuordering.php,89,4,2,2
/commenus/models/fields/menuparent.php,44,4,2,2
/components/commenus/models/menu.php,219,2,1,1
/components/commenus/tables/menu.php,126,2,1,1
/views/item/tmpl/editassociations.php,200,4,2,2
/commenus/views/item/tmpl/editoptions.php,265,26,13,13
/commenus/views/items/tmpl/defaultbatch.php,16,2,1,1
/components/commenus/views/menu/tmpl/edit.php,49,2,1,1
/commenus/views/menus/tmpl/default.php,153,4,2,2
/commenus/views/menutypes/tmpl/default.php,231,4,2,2
/commessages/controllers/message.php,112,10,5,5
/components/commessages/models/config.php,187,4,2,2
/commessages/models/fields/usermessages.php,102,2,1,1
/components/commessages/models/messages.php,69,2,1,1
/components/commessages/tables/message.php,81,2,1,1
/commessages/views/config/tmpl/default.php,23,4,2,2
/commessages/views/message/tmpl/default.php,184,2,1,1
/commessages/views/message/tmpl/edit.php,178,22,11,11
/commessages/views/messages/tmpl/default.php,107,4,2,2
/commodules/helpers/html/modules.php,118,2,1,1
/components/commodules/models/module.php,22,2,1,1
/components/commodules/models/positions.php,73,38,19,19
/components/commodules/models/select.php,137,4,2,2
/commodules/views/module/tmpl/edit.php,97,4,2,2
/views/module/tmpl/editoptions.php,266,2,1,1
/views/module/tmpl/editpositions.php,35,2,1,1
/commodules/views/module/tmpl/modal.php,278,24,12,12
/views/modules/tmpl/defaultbatch.php,99,16,8,8
/commodules/views/positions/tmpl/modal.php,79,1,0,1
/commodules/views/preview/tmpl/default.php,26,2,1,1
/commodules/views/select/tmpl/default.php,67,12,8,4
/comnewsfeeds/controllers/newsfeeds.php,119,9,2,7
/comnewsfeeds/helpers/html/newsfeed.php,239,4,2,2
/models/fields/modal/newsfeeds.php,325,185,181,4
/comnewsfeeds/models/fields/newsfeeds.php,102,2,1,1
/comnewsfeeds/models/fields/ordering.php,25,49,27,22
/components/comnewsfeeds/models/newsfeed.php,30,13,6,7
/components/comnewsfeeds/models/newsfeeds.php,38,12,5,7
/comnewsfeeds/views/newsfeed/tmpl/edit.php,42,2,1,1
/views/newsfeed/tmpl/editassociations.php,119,4,2,2
/views/newsfeed/tmpl/editmetadata.php,10,4,3,1
/views/newsfeed/tmpl/editparams.php,18,4,3,1
/views/newsfeeds/tmpl/default.php,27,4,3,1
/views/newsfeeds/tmpl/defaultbatch.php,38,4,3,1
/comnewsfeeds/views/newsfeeds/tmpl/modal.php,18,4,3,1
/components/complugins/controllers/plugin.php,58,27,1,26
/complugins/models/fields/ordering.php,33,4,3,1
/components/complugins/models/plugins.php,19,4,3,1
/complugins/views/plugins/tmpl/default.php,16,4,3,1
/components/comredirect/controllers/link.php,144,2,1,1
/comredirect/helpers/html/redirect.php,34,4,3,1
/components/comredirect/models/link.php,34,4,3,1
/components/comredirect/tables/link.php,20,21,1,20
/views/links/tmpl/defaultaddform.php,102,5,4,1
/components/comsearch/helpers/site.php,98,5,4,1
/comsearch/views/searches/tmpl/default.php,11,22,1,21
/comtemplates/controllers/style.php,41,4,3,1
/comtemplates/helpers/html/templates.php,54,4,3,1
/components/comtemplates/models/source.php,67,4,3,1
/components/comtemplates/models/style.php,24,4,3,1
/components/comtemplates/models/templates.php,16,4,3,1
/components/comtemplates/tables/style.php,146,29,3,26
/comtemplates/views/source/tmpl/edit.php,20,21,1,20
/comtemplates/views/style/tmpl/edit.php,128,2,1,1
/views/style/tmpl/editassignment.php,61,21,1,20
/views/style/tmpl/editoptions.php,22,26,1,25
/comtemplates/views/styles/tmpl/default.php,68,4,3,1
/views/templates/tmpl/default.php,85,4,2,2
/components/comusers/controllers/group.php,243,4,3,1
/components/comusers/controllers/groups.php,111,23,8,15
/components/comusers/controllers/levels.php,259,2,1,1
/components/comusers/controllers/note.php,200,2,1,1
/components/comusers/controllers/notes.php,52,2,1,1
/components/comusers/helpers/debug.php,86,6,3,3
/components/comusers/helpers/html/users.php,223,22,11,11
/components/comusers/models/debuggroup.php,496,4,2,2
/components/comusers/models/debuguser.php,23,2,1,1
/comusers/models/fields/groupparent.php,54,2,1,1
/components/comusers/models/groups.php,146,2,1,1
/components/comusers/models/levels.php,128,4,2,2
/components/comusers/models/mail.php,360,10,5,5
/components/comusers/models/note.php,87,10,5,5
/components/comusers/models/notes.php,31,2,1,1
/components/comusers/tables/note.php,20,2,1,1
/comusers/views/debuggroup/tmpl/default.php,39,2,1,1
/comusers/views/debuguser/tmpl/default.php,122,2,1,1
/comusers/views/group/tmpl/edit.php,77,77,63,14
/comusers/views/groups/tmpl/default.php,108,2,1,1
/comusers/views/level/tmpl/edit.php,139,5,3,2
/comusers/views/levels/tmpl/default.php,357,93,84,9
/comusers/views/mail/tmpl/default.php,357,9,5,4
/components/comusers/views/note/tmpl/edit.php,91,57,15,42
/comusers/views/notes/tmpl/modal.php,101,87,87,0
/components/comusers/views/user/tmpl/edit.php,42,6,3,3
/comusers/views/user/tmpl/editgroups.php,44,6,3,3
/comusers/views/users/tmpl/modal.php,44,6,3,3
/comweblinks/controllers/weblinks.php,154,2,2,0
/comweblinks/models/fields/ordering.php,72,6,0,6
/components/comweblinks/models/weblink.php,127,16,15,1
/components/comweblinks/models/weblinks.php,153,4,1,3
/comweblinks/views/weblink/tmpl/edit.php,16,4,2,2
/views/weblink/tmpl/editmetadata.php,16,17,1,16
/views/weblink/tmpl/editparams.php,128,24,12,12
/comweblinks/views/weblinks/tmpl/default.php,84,25,25,0
/views/weblinks/tmpl/defaultbatch.php,108,4,2,2
administrator/index.php,105,16,10,6
administrator/language/enGB/enGB.localise.php,57,10,4,6
administrator/modules/modcustom/modcustom.php,104,3,3,0
administrator/modules/modcustom/tmpl/default.php,100,3,3,0
administrator/modules/modfeed/modfeed.php,644,674,604,70
administrator/modules/modfeed/tmpl/default.php,103,13,13,0
administrator/modules/modlatest/modlatest.php,50,5,5,0
administrator/modules/modlatest/tmpl/default.php,154,4,2,2
administrator/modules/modlogged/helper.php,70,2,1,1
administrator/modules/modlogged/modlogged.php,65,2,1,1
administrator/modules/modlogged/tmpl/default.php,10,1,0,1
administrator/modules/modlogin/modlogin.php,51,2,1,1
administrator/modules/modlogin/tmpl/default.php,70,2,1,1
administrator/modules/modmenu/helper.php,18,2,1,1
administrator/modules/modmenu/menu.php,80,1,0,1
administrator/modules/modmenu/modmenu.php,93,29,29,0
administrator/modules/modmenu/tmpl/default.php,15,28,28,0
/modules/modmenu/tmpl/defaultdisabled.php,651,15,12,3
/modmultilangstatus/modmultilangstatus.php,651,2,1,1
/modules/modmultilangstatus/tmpl/default.php,185,7,5,2
administrator/modules/modpopular/modpopular.php,101,4,2,2
/modules/modpopular/tmpl/default.php,54,19,0,19
administrator/modules/modquickicon/helper.php,183,7,5,2
/modules/modquickicon/modquickicon.php,59,2,1,1
/modules/modquickicon/tmpl/default.php,85,6,0,6
administrator/modules/modstatsadmin/helper.php,59,4,2,2
/modules/modstatsadmin/modstatsadmin.php,49,40,26,14
/modules/modstatsadmin/tmpl/default.php,216,18,10,8
administrator/modules/modstatus/modstatus.php,50,16,16,0
administrator/modules/modstatus/tmpl/default.php,22,2,1,1
administrator/modules/modsubmenu/modsubmenu.php,22,2,1,1
/modules/modsubmenu/tmpl/default.php,70,2,1,1
administrator/modules/modtitle/tmpl/default.php,127,2,1,1
administrator/modules/modtoolbar/modtoolbar.php,51,2,1,1
/modules/modtoolbar/tmpl/default.php,70,2,1,1
administrator/modules/modversion/helper.php,80,2,1,1
administrator/modules/modversion/modversion.php,67,2,1,1
/modules/modversion/tmpl/default.php,36,2,1,1
administrator/templates/hathor/component.php,60,2,1,1
administrator/templates/hathor/cpanel.php,144,2,1,1
/hathor/html/comadmin/help/default.php,49,2,1,1
/hathor/html/comadmin/profile/edit.php,104,2,1,1
/hathor/html/comadmin/sysinfo/default.php,100,2,1,1
/html/comadmin/sysinfo/defaultconfig.php,67,2,1,1
/html/comadmin/sysinfo/defaultdirectory.php,154,2,1,1
/html/comadmin/sysinfo/defaultnavigation.php,128,2,1,1
/comadmin/sysinfo/defaultphpsettings.php,61,2,1,1
/html/comadmin/sysinfo/defaultsystem.php,27,2,1,1
/hathor/html/combanners/banner/edit.php,42,2,1,1
/hathor/html/combanners/client/edit.php,97,4,1,3
/hathor/html/combanners/clients/default.php,40,2,1,1
/hathor/html/combanners/tracks/default.php,100,2,1,1
/hathor/html/comcache/purge/default.php,289,2,1,1
/html/comcategories/categories/default.php,6,2,1,1
/comcategories/categories/defaultbatch.php,108,2,1,1
/hathor/html/comcategories/category/edit.php,148,2,1,1
/html/comcategories/category/editoptions.php,173,2,1,1
/hathor/html/comcheckin/checkin/default.php,223,2,1,1
/html/comconfig/application/default.php,237,2,1,1
/html/comconfig/application/defaultcache.php,86,2,1,1
/comconfig/application/defaultcookie.php,259,2,1,1
/comconfig/application/defaultdatabase.php,5,2,1,1
/html/comconfig/application/defaultdebug.php,234,2,1,1
/comconfig/application/defaultfilters.php,16,2,1,1
/html/comconfig/application/defaultftp.php,107,8,4,4
/comconfig/application/defaultftplogin.php,13,2,1,1
/comconfig/application/defaultlocale.php,76,2,1,1
/html/comconfig/application/defaultmail.php,31,2,1,1
/comconfig/application/defaultmetadata.php,76,2,1,1
/comconfig/application/defaultnavigation.php,7,2,1,1
/application/defaultpermissions.php,5,2,1,1
/html/comconfig/application/defaultseo.php,5,2,1,1
/comconfig/application/defaultserver.php,5,2,1,1
/comconfig/application/defaultsession.php,5,2,1,1
/html/comconfig/application/defaultsite.php,76,5,3,2
/comconfig/application/defaultsystem.php,496,4,2,2
/hathor/html/comconfig/component/default.php,162,4,2,2
/hathor/html/comcontact/contact/edit.php,144,2,1,1
/html/comcontact/contact/editmetadata.php,38,2,1,1
/html/comcontact/contact/editparams.php,45,2,1,1
/hathor/html/comcontact/contacts/default.php,214,2,1,1
/hathor/html/comcontact/contacts/modal.php,39,10,9,1
/hathor/html/comcontent/articles/default.php,265,16,8,8
/hathor/html/comcontent/featured/default.php,187,4,2,2
/hathor/html/comcpanel/cpanel/default.php,148,2,1,1
/hathor/html/comfinder/filters/default.php,173,2,1,1
/hathor/html/comfinder/index/default.php,16,2,1,1
/hathor/html/comfinder/maps/default.php,223,2,1,1
/html/cominstaller/database/default.php,237,2,1,1
/html/cominstaller/default/defaultftp.php,86,2,1,1
/html/cominstaller/discover/default.php,111,2,1,1
/hathor/html/cominstaller/install/default.php,54,2,1,1
/html/cominstaller/install/defaultform.php,118,2,1,1
/html/cominstaller/languages/default.php,137,2,1,1
/cominstaller/languages/defaultfilter.php,97,2,1,1
/html/cominstaller/manage/defaultfilter.php,28,2,1,1
/hathor/html/cominstaller/update/default.php,266,6,3,3
/html/cominstaller/warnings/default.php,278,2,1,1
/html/comlanguages/installed/default.php,99,2,1,1
/html/comlanguages/installed/defaultftp.php,183,8,4,4
/html/comlanguages/overrides/default.php,142,2,1,1
/hathor/html/commenus/item/editoptions.php,158,2,1,1
/templates/hathor/html/commenus/menu/edit.php,93,2,1,1
/hathor/html/commenus/menus/default.php,39,2,1,1
/hathor/html/commessages/message/edit.php,146,8,4,4
/hathor/html/commessages/messages/default.php,214,2,1,1
/hathor/html/commodules/module/edit.php,113,6,2,4
/html/commodules/module/editassignment.php,34,2,1,1
/html/commodules/module/editoptions.php,90,32,17,15
/hathor/html/commodules/positions/modal.php,153,2,1,1
/hathor/html/comnewsfeeds/newsfeed/edit.php,45,4,2,2
/html/comnewsfeeds/newsfeed/editmetadata.php,146,2,1,1
/html/comnewsfeeds/newsfeed/editparams.php,9,2,1,1
/html/comnewsfeeds/newsfeeds/default.php,9,2,1,1
/hathor/html/comnewsfeeds/newsfeeds/modal.php,255,10,4,6
/hathor/html/complugins/plugin/edit.php,67,2,1,1
/html/complugins/plugin/editoptions.php,150,2,1,1
/hathor/html/complugins/plugins/default.php,38,2,1,1
/hathor/html/comredirect/links/default.php,108,2,1,1
/hathor/html/comsearch/searches/default.php,70,2,1,1
/hathor/html/comtemplates/style/edit.php,127,2,1,1
/html/comtemplates/style/editassignment.php,70,2,1,1
/html/comtemplates/style/editoptions.php,80,2,1,1
/hathor/html/comtemplates/styles/default.php,51,2,1,1
/html/comtemplates/template/default.php,289,2,1,1
/html/comtemplates/templates/default.php,34,2,1,1
/hathor/html/comusers/debuggroup/default.php,35,13,5,8
/hathor/html/comusers/debuguser/default.php,157,3,3,0
/hathor/html/comusers/groups/default.php,146,2,1,1
/hathor/html/comusers/levels/default.php,114,107,105,2
/templates/hathor/html/comusers/user/edit.php,172,11,9,2
/hathor/html/comusers/users/default.php,362,24,12,12
/hathor/html/comusers/users/modal.php,64,12,10,2
/hathor/html/comweblinks/weblink/edit.php,272,8,7,1
/html/comweblinks/weblink/editmetadata.php,55,12,10,2
/html/comweblinks/weblink/editparams.php,55,12,10,2
/hathor/html/comweblinks/weblinks/default.php,181,11,9,2
/html/layouts/joomla/sidebars/submenu.php,190,8,7,1
/templates/hathor/html/modlogin/default.php,80,12,10,2
/hathor/html/modmenu/defaultenabled.php,194,36,35,1
administrator/templates/hathor/html/modules.php,83,16,11,5
/templates/hathor/html/pagination.php,36,8,6,2
administrator/templates/hathor/index.php,36,8,6,2
administrator/templates/hathor/login.php,23,5,4,1
administrator/templates/isis/component.php,22,2,1,1
administrator/templates/isis/cpanel.php,157,2,1,1
administrator/templates/isis/html/message.php,212,5,2,3
administrator/templates/isis/html/modules.php,660,13,12,1
administrator/templates/isis/login.php,366,1,1,0
administrator/templates/system/component.php,366,2,1,1
administrator/templates/system/html/modules.php,255,6,3,3
administrator/templates/system/index.php,395,9,6,3
build/generatecss.php,60,4,2,2
build/libraries/less/formatter/joomla.php,144,4,2,2
build/libraries/less/less.php,49,4,2,2
/ControlStructures/ControlSignatureSniff.php,104,4,2,2
/WhiteSpace/ConcatenationSpacingSniff.php,100,4,2,2
/Sniffs/WhiteSpace/SpaceAfterCastSniff.php,75,4,2,2
cli/deletefiles.php,161,4,2,2
components/combanners/helpers/banner.php,128,4,2,2
components/combanners/helpers/category.php,61,4,2,2
components/combanners/router.php,157,2,1,1
components/comcontact/helpers/association.php,39,2,1,1
components/comcontact/helpers/category.php,157,8,4,4
components/comcontact/helpers/icon.php,85,2,1,1
components/comcontact/helpers/route.php,147,4,2,2
/views/categories/tmpl/defaultitems.php,64,4,1,3
/views/category/tmpl/defaultchildren.php,192,2,1,1
/views/contact/tmpl/defaultaddress.php,181,2,1,1
/views/contact/tmpl/defaultarticles.php,118,4,2,2
/views/contact/tmpl/defaultform.php,219,10,9,1
/views/contact/tmpl/defaultlinks.php,251,3,2,1
/views/contact/tmpl/defaultprofile.php,81,4,2,2
/comcontact/views/featured/tmpl/default.php,52,2,1,1
components/comcontent/helpers/association.php,395,2,1,1
components/comcontent/helpers/category.php,214,2,1,1
components/comcontent/helpers/icon.php,403,8,4,4
components/comcontent/helpers/query.php,263,11,11,0
components/comcontent/models/article.php,233,8,7,1
components/comcontent/models/form.php,185,4,3,1
/views/archive/tmpl/defaultitems.php,260,4,3,1
/views/category/tmpl/blogchildren.php,666,12,10,2
/views/category/tmpl/bloglinks.php,666,2,1,1
/views/featured/tmpl/defaultlinks.php,196,3,3,0
components/comfinder/helpers/route.php,259,4,2,2
components/comfinder/models/suggestions.php,192,36,36,0
components/comfinder/router.php,43,2,1,1
/comfinder/views/search/tmpl/defaultform.php,44,6,3,3
/views/search/tmpl/defaultresults.php,154,2,2,0
components/commailto/helpers/mailto.php,72,6,0,6
/commailto/views/mailto/tmpl/default.php,127,16,15,1
components/commailto/views/sent/tmpl/default.php,153,4,1,3
components/comnewsfeeds/helpers/association.php,16,4,2,2
components/comnewsfeeds/helpers/category.php,16,17,1,16
components/comnewsfeeds/helpers/route.php,128,24,12,12
components/comnewsfeeds/router.php,84,25,25,0
components/comsearch/router.php,108,4,2,2
/views/search/tmpl/defaulterror.php,105,16,10,6
/comsearch/views/search/tmpl/defaultform.php,57,10,4,6
components/comusers/helpers/html/users.php,104,3,3,0
components/comusers/models/login.php,100,3,3,0
components/comusers/models/remind.php,644,674,604,70
components/comusers/router.php,103,13,13,0
components/comusers/views/login/tmpl/default.php,50,5,5,0
/comusers/views/login/tmpl/defaultlogout.php,154,4,2,2
/comusers/views/profile/tmpl/default.php,70,2,1,1
/comusers/views/profile/tmpl/defaultcore.php,65,2,1,1
/views/profile/tmpl/defaultcustom.php,10,1,0,1
/views/profile/tmpl/defaultparams.php,51,2,1,1
/views/registration/tmpl/complete.php,70,2,1,1
/comusers/views/remind/tmpl/default.php,18,2,1,1
/comusers/views/reset/tmpl/complete.php,80,1,0,1
components/comusers/views/reset/tmpl/confirm.php,93,29,29,0
components/comusers/views/reset/tmpl/default.php,15,28,28,0
components/comweblinks/controllers/weblink.php,651,15,12,3
components/comweblinks/helpers/association.php,651,2,1,1
components/comweblinks/helpers/category.php,185,7,5,2
components/comweblinks/helpers/icon.php,101,4,2,2
components/comweblinks/helpers/route.php,54,19,0,19
components/comweblinks/models/form.php,183,7,5,2
components/comweblinks/models/weblink.php,59,2,1,1
components/comweblinks/router.php,85,6,0,6
components/comwrapper/router.php,59,4,2,2
installation/index.php,49,40,26,14
installation/controllers/languages.json.php,216,18,10,8
installation/helpers/html/installation.php,50,16,16,0
installation/models/fields/language.php,22,2,1,1
installation/models/rules/prefix.php,22,2,1,1
installation/template/body.php,70,2,1,1
installation/views/database/tmpl/default.php,127,2,1,1
/views/defaultlanguage/tmpl/default.php,51,2,1,1
installation/views/defaultlanguage/view.html.php,70,2,1,1
installation/views/ftp/tmpl/default.php,80,2,1,1
installation/views/ftp/view.html.php,67,2,1,1
installation/views/install/tmpl/default.php,36,2,1,1
installation/views/install/view.html.php,60,2,1,1
installation/views/languages/tmpl/default.php,703,3,2,1
installation/views/languages/view.html.php,424,4,2,2
installation/views/preinstall/tmpl/default.php,274,4,2,2
installation/views/summary/tmpl/default.php,397,6,6,0
installation/views/summary/view.html.php,72,2,1,1
language/enGB/enGB.localise.php,389,2,1,1
layouts/joomla/sidebars/submenu.php,285,2,1,1
libraries/cms/error/page.php,595,19,15,4
libraries/cms/feed/factory.php,428,4,2,2
libraries/cms/feed/link.php,424,26,16,10
libraries/cms/feed/parser.php,99,24,23,1
libraries/cms/feed/parser/atom.php,206,10,5,5
libraries/cms/feed/parser/namespace.php,155,6,3,3
libraries/cms/feed/parser/rss.php,198,4,2,2
libraries/cms/form/field/chromestyle.php,394,2,1,1
libraries/cms/form/field/contentlanguage.php,318,5,5,0
libraries/cms/form/field/headertag.php,318,4,2,2
libraries/cms/form/field/helpsite.php,136,2,1,1
libraries/cms/form/field/menu.php,166,49,42,7
libraries/cms/form/field/menuitem.php,153,25,19,6
libraries/cms/form/field/moduleorder.php,124,92,72,20
libraries/cms/form/field/moduleposition.php,388,7,7,0
libraries/cms/form/field/moduletag.php,65,8,8,0
libraries/cms/form/field/templatestyle.php,780,16,7,9
libraries/cms/html/batch.php,153,7,4,3
libraries/cms/html/formbehavior.php,85,9,5,4
libraries/cms/html/jquery.php,166,6,3,3
libraries/cms/html/sidebar.php,810,84,34,50
libraries/cms/html/sortablelist.php,266,15,6,9
libraries/cms/layout/base.php,303,24,12,12
libraries/cms/layout/file.php,185,8,4,4
libraries/cms/layout/layout.php,378,74,39,35
libraries/cms/menu/administrator.php,1262,155,77,78
libraries/cms/menu/site.php,187,30,16,14
libraries/cms/router/administrator.php,103,16,15,1
libraries/cms/search/helper.php,674,592,231,361
libraries/cms/toolbar/button.php,75,269,46,223
libraries/cms/toolbar/button/confirm.php,103,4,2,2
libraries/cms/toolbar/button/custom.php,169,2,1,1
libraries/cms/toolbar/button/help.php,136,6,5,1
libraries/cms/toolbar/button/link.php,133,5,4,1
libraries/cms/toolbar/button/separator.php,143,22,18,4
libraries/cms/toolbar/button/slider.php,133,6,1,5
libraries/cms/toolbar/button/standard.php,130,5,1,4
libraries/compat/jsonserializable.php,129,22,4,18
libraries/import.legacy.php,136,6,5,1
libraries/import.php,133,5,4,1
libraries/joomla/application/router.php,143,22,18,4
libraries/joomla/application/web/router.php,891,14,11,3
libraries/joomla/application/web/router/rest.php,140,11,5,6
libraries/joomla/archive/extractable.php,67,17,10,7
libraries/joomla/cache/controller.php,417,3,1,2
libraries/joomla/cache/controller/output.php,219,160,96,64
libraries/joomla/cache/storage.php,137,3,2,1
libraries/joomla/cache/storage/apc.php,140,3,2,1
libraries/joomla/cache/storage/cachelite.php,409,2,2,0
libraries/joomla/cache/storage/helper.php,145,16,15,1
libraries/joomla/cache/storage/memcache.php,103,2,1,1
libraries/joomla/cache/storage/memcached.php,688,9,8,1
libraries/joomla/cache/storage/wincache.php,378,6,3,3
libraries/joomla/cache/storage/xcache.php,715,8,4,4
libraries/joomla/client/helper.php,329,3,1,2
libraries/joomla/controller/base.php,715,10,5,5
libraries/joomla/controller/controller.php,572,2,2,0
libraries/joomla/crypt/password.php,480,3,2,1
libraries/joomla/crypt/password/simple.php,295,9,3,6
libraries/joomla/data/data.php,237,2,1,1
libraries/joomla/data/dumpable.php,96,122,72,50
libraries/joomla/database/database.php,137,4,2,2
libraries/joomla/database/driver/mysql.php,272,2,1,1
libraries/joomla/database/driver/sqlazure.php,316,12,1,11
libraries/joomla/database/driver/sqlite.php,162,17,9,8
libraries/joomla/database/exporter.php,662,2,1,1
libraries/joomla/database/exporter/mysql.php,205,9,7,2
libraries/joomla/database/exporter/mysqli.php,201,7,7,0
libraries/joomla/database/exporter/postgresql.php,201,7,7,0
libraries/joomla/database/factory.php,417,27,22,5
libraries/joomla/database/importer.php,201,2,1,1
libraries/joomla/database/importer/mysql.php,201,2,1,1
libraries/joomla/database/iterator.php,417,2,1,1
libraries/joomla/database/iterator/azure.php,271,2,1,1
libraries/joomla/database/iterator/mysql.php,703,3,2,1
libraries/joomla/database/iterator/mysqli.php,424,4,2,2
libraries/joomla/database/iterator/oracle.php,274,4,2,2
libraries/joomla/database/iterator/pdo.php,397,6,6,0
libraries/joomla/database/iterator/sqlite.php,72,2,1,1
libraries/joomla/database/iterator/sqlsrv.php,389,2,1,1
libraries/joomla/database/query/limitable.php,285,2,1,1
libraries/joomla/database/query/mysql.php,595,19,15,4
libraries/joomla/database/query/mysqli.php,428,4,2,2
libraries/joomla/database/query/oracle.php,424,26,16,10
libraries/joomla/database/query/pdo.php,99,24,23,1
libraries/joomla/database/query/preparable.php,206,10,5,5
libraries/joomla/database/query/sqlazure.php,155,6,3,3
libraries/joomla/database/query/sqlite.php,198,4,2,2
libraries/joomla/database/query/sqlsrv.php,394,2,1,1
libraries/joomla/document/document.php,318,5,5,0
libraries/joomla/document/feed/feed.php,318,4,2,2
/joomla/document/html/renderer/component.php,136,2,1,1
/joomla/document/html/renderer/message.php,166,49,42,7
/joomla/document/html/renderer/modules.php,153,25,19,6
libraries/joomla/document/image/image.php,124,92,72,20
libraries/joomla/document/renderer.php,388,7,7,0
libraries/joomla/document/xml/xml.php,65,8,8,0
libraries/joomla/environment/response.php,780,16,7,9
libraries/joomla/event/event.php,153,7,4,3
libraries/joomla/filesystem/streams/string.php,85,9,5,4
libraries/joomla/form/fields/accesslevel.php,166,6,3,3
libraries/joomla/form/fields/cachehandler.php,810,84,34,50
libraries/joomla/form/fields/checkbox.php,266,15,6,9
libraries/joomla/form/fields/color.php,303,24,12,12
libraries/joomla/form/fields/combo.php,185,8,4,4
/joomla/form/fields/databaseconnection.php,378,74,39,35
libraries/joomla/form/fields/email.php,1262,155,77,78
libraries/joomla/form/fields/file.php,187,30,16,14
libraries/joomla/form/fields/filelist.php,103,16,15,1
libraries/joomla/form/fields/folderlist.php,674,592,231,361
libraries/joomla/form/fields/hidden.php,75,269,46,223
libraries/joomla/form/fields/imagelist.php,103,4,2,2
libraries/joomla/form/fields/integer.php,169,2,1,1
libraries/joomla/form/fields/language.php,136,6,5,1
libraries/joomla/form/fields/plugins.php,133,5,4,1
libraries/joomla/form/fields/radio.php,143,22,18,4
libraries/joomla/form/fields/sessionhandler.php,133,6,1,5
libraries/joomla/form/fields/sql.php,130,5,1,4
libraries/joomla/form/fields/tel.php,129,22,4,18
libraries/joomla/form/fields/textarea.php,136,6,5,1
libraries/joomla/form/fields/url.php,133,5,4,1
libraries/joomla/form/fields/usergroup.php,143,22,18,4
libraries/joomla/form/rules/boolean.php,891,14,11,3
libraries/joomla/github/account.php,140,11,5,6
libraries/joomla/github/commits.php,67,17,10,7
libraries/joomla/github/gists.php,417,3,1,2
libraries/joomla/github/http.php,219,160,96,64
libraries/joomla/github/milestones.php,137,3,2,1
libraries/joomla/github/object.php,140,3,2,1
libraries/joomla/github/statuses.php,409,2,2,0
libraries/joomla/google/auth.php,145,16,15,1
libraries/joomla/google/auth/oauth2.php,103,2,1,1
libraries/joomla/google/data.php,688,9,8,1
libraries/joomla/google/data/picasa.php,378,6,3,3
libraries/joomla/google/data/picasa/photo.php,715,8,4,4
libraries/joomla/google/data/plus.php,329,3,1,2
libraries/joomla/google/data/plus/activities.php,715,10,5,5
libraries/joomla/google/data/plus/people.php,572,2,2,0
libraries/joomla/google/embed.php,480,3,2,1
libraries/joomla/google/embed/analytics.php,295,9,3,6
libraries/joomla/google/embed/maps.php,237,2,1,1
libraries/joomla/grid/grid.php,96,122,72,50
libraries/joomla/html/access.php,137,4,2,2
libraries/joomla/html/content.php,272,2,1,1
libraries/joomla/html/email.php,316,12,1,11
libraries/joomla/html/form.php,162,17,9,8
libraries/joomla/html/grid.php,662,2,1,1
libraries/joomla/html/list.php,205,9,7,2
libraries/joomla/html/number.php,201,7,7,0
libraries/joomla/html/tabs.php,201,7,7,0
libraries/joomla/html/user.php,417,27,22,5
libraries/joomla/http/factory.php,201,2,1,1
libraries/joomla/http/http.php,201,2,1,1
libraries/joomla/http/transport.php,417,2,1,1
libraries/joomla/image/filter.php,271,2,1,1
libraries/joomla/image/filter/brightness.php,612,4,4,0
libraries/joomla/image/filter/contrast.php,703,3,2,1
libraries/joomla/image/filter/edgedetect.php,424,4,2,2
libraries/joomla/image/filter/emboss.php,274,4,2,2
libraries/joomla/image/filter/grayscale.php,397,6,6,0
libraries/joomla/image/filter/negate.php,72,2,1,1
libraries/joomla/image/filter/sketchy.php,389,2,1,1
libraries/joomla/image/filter/smooth.php,285,2,1,1
libraries/joomla/input/cookie.php,595,19,15,4
libraries/joomla/input/files.php,428,4,2,2
libraries/joomla/input/input.php,424,26,16,10
libraries/joomla/input/json.php,99,24,23,1
libraries/joomla/installer/librarymanifest.php,206,10,5,5
libraries/joomla/installer/packagemanifest.php,155,6,3,3
libraries/joomla/keychain/keychain.php,198,4,2,2
libraries/joomla/language/stemmer.php,394,2,1,1
libraries/joomla/log/entry.php,318,5,5,0
libraries/joomla/log/log.php,318,4,2,2
libraries/joomla/log/logger.php,136,2,1,1
libraries/joomla/log/logger/callback.php,166,49,42,7
libraries/joomla/log/logger/database.php,153,25,19,6
libraries/joomla/log/logger/echo.php,124,92,72,20
libraries/joomla/log/logger/messagequeue.php,388,7,7,0
libraries/joomla/log/logger/syslog.php,65,8,8,0
libraries/joomla/log/logger/w3c.php,780,16,7,9
libraries/joomla/model/base.php,153,7,4,3
libraries/joomla/model/database.php,85,9,5,4
libraries/joomla/model/model.php,166,6,3,3
libraries/joomla/pagination/object.php,810,84,34,50
libraries/joomla/profiler/profiler.php,266,15,6,9
libraries/joomla/registry/format.php,303,24,12,12
libraries/joomla/registry/format/json.php,185,8,4,4
libraries/joomla/registry/format/php.php,135,2,1,1
libraries/joomla/registry/format/xml.php,159,2,1,1
libraries/joomla/session/storage/memcached.php,112,2,1,1
libraries/joomla/string/normalise.php,118,2,1,1
libraries/joomla/table/asset.php,8,8,4,4
libraries/joomla/table/extension.php,24,2,1,1
libraries/joomla/table/update.php,73,2,1,1
libraries/joomla/table/viewlevel.php,211,4,2,2
libraries/joomla/updater/updateadapter.php,187,2,1,1
libraries/joomla/utilities/buffer.php,97,4,2,2
libraries/joomla/utilities/utility.php,116,14,7,7
libraries/joomla/view/base.php,74,2,1,1
libraries/joomla/view/html.php,80,8,4,4
libraries/joomla/view/view.php,170,8,4,4
libraries/legacy/access/rule.php,312,8,4,4
libraries/legacy/access/rules.php,122,4,2,2
libraries/legacy/application/cli.php,45,8,4,4
libraries/legacy/application/daemon.php,22,4,2,2
libraries/legacy/application/helper.php,166,2,1,1
libraries/legacy/base/node.php,161,2,1,1
libraries/legacy/base/observer.php,148,2,1,1
libraries/legacy/base/tree.php,35,8,4,4
libraries/legacy/database/exception.php,64,8,4,4
libraries/legacy/database/mysql.php,69,10,5,5
libraries/legacy/database/mysqli.php,47,8,4,4
libraries/legacy/database/sqlazure.php,81,8,4,4
libraries/legacy/database/sqlsrv.php,48,23,23,0
libraries/legacy/dispatcher/dispatcher.php,16,2,1,1
libraries/legacy/form/field/category.php,197,4,2,2
libraries/legacy/html/contentlanguage.php,243,8,4,4
libraries/legacy/log/logexception.php,105,25,23,2
libraries/legacy/menu/menu.php,113,9,8,1
libraries/legacy/model/form.php,50,2,1,1
libraries/legacy/model/item.php,197,2,1,1
libraries/legacy/pathway/pathway.php,243,2,1,1
libraries/legacy/simplecrypt/simplecrypt.php,169,12,7,5
libraries/legacy/simplepie/factory.php,231,9,6,3
libraries/legacy/table/category.php,86,20,15,5
libraries/legacy/table/menu/type.php,66,2,1,1
libraries/legacy/table/module.php,52,4,2,2
libraries/legacy/table/session.php,92,4,2,2
libraries/legacy/utilities/xmlelement.php,268,2,1,1
libraries/legacy/web/client.php,270,2,1,1
libraries/legacy/web/web.php,67,2,1,1
/modarticlesarchive/modarticlesarchive.php,197,16,8,8
modules/modarticlesarchive/tmpl/default.php,86,18,9,9
/modarticlescategories.php,133,4,2,2
modules/modarticlescategories/tmpl/default.php,111,9,5,4
/tmpl/defaultitems.php,17,16,8,8
/modarticlescategory.php,244,23,13,10
modules/modarticlescategory/tmpl/default.php,120,6,3,3
/modarticleslatest/modarticleslatest.php,34,12,6,6
modules/modarticleslatest/tmpl/default.php,142,4,2,2
modules/modarticlesnews/modarticlesnews.php,63,14,7,7
modules/modarticlesnews/tmpl/default.php,44,4,2,2
modules/modarticlesnews/tmpl/horizontal.php,189,2,1,1
modules/modarticlesnews/tmpl/vertical.php,99,2,1,1
/modarticlespopular/modarticlespopular.php,289,2,1,1
modules/modarticlespopular/tmpl/default.php,6,2,1,1
modules/modbanners/tmpl/default.php,99,2,1,1
modules/modbreadcrumbs/helper.php,289,2,1,1
modules/modbreadcrumbs/modbreadcrumbs.php,6,2,1,1
modules/modcustom/modcustom.php,69,1,1,0
modules/modcustom/tmpl/default.php,120,2,1,1
modules/modfeed/modfeed.php,17,4,2,2
modules/modfeed/tmpl/default.php,64,61,61,0
modules/modfinder/modfinder.php,34,10,10,0
modules/modfinder/tmpl/default.php,249,4,2,2
modules/modfooter/modfooter.php,198,4,2,2
modules/modfooter/tmpl/default.php,128,20,14,6
modules/modlanguages/modlanguages.php,178,5,4,1
modules/modlogin/helper.php,102,4,2,2
modules/modlogin/modlogin.php,52,8,1,7
modules/modmenu/modmenu.php,52,13,13,0
modules/modmenu/tmpl/default.php,118,93,50,43
modules/modmenu/tmpl/defaultcomponent.php,160,40,40,0
modules/modmenu/tmpl/defaultheading.php,64,12,11,1
modules/modmenu/tmpl/defaultseparator.php,128,171,101,70
modules/modrandomimage/modrandomimage.php,200,31,31,0
modules/modrandomimage/tmpl/default.php,112,17,12,5
modules/modrelateditems/helper.php,133,35,5,30
modules/modrelateditems/modrelateditems.php,249,8,0,8
modules/modrelateditems/tmpl/default.php,117,10,9,1
modules/modsearch/helper.php,54,19,0,19
modules/modsearch/modsearch.php,183,7,5,2
modules/modsearch/tmpl/default.php,59,2,1,1
modules/modstats/helper.php,85,6,0,6
modules/modstats/modstats.php,59,4,2,2
modules/modstats/tmpl/default.php,49,40,26,14
modules/modsyndicate/helper.php,216,18,10,8
modules/modsyndicate/modsyndicate.php,50,16,16,0
modules/modsyndicate/tmpl/default.php,22,2,1,1
modules/moduserslatest/helper.php,22,2,1,1
modules/moduserslatest/moduserslatest.php,70,2,1,1
modules/moduserslatest/tmpl/default.php,127,2,1,1
modules/modweblinks/modweblinks.php,51,2,1,1
modules/modweblinks/tmpl/default.php,70,2,1,1
modules/modwhosonline/helper.php,80,2,1,1
modules/modwhosonline/modwhosonline.php,67,2,1,1
modules/modwhosonline/tmpl/default.php,703,3,2,1
modules/modwrapper/helper.php,424,4,2,2
plugins/authentication/joomla/joomla.php,274,4,2,2
plugins/content/finder/finder.php,397,6,6,0
plugins/content/geshi/geshi.php,72,2,1,1
plugins/content/vote/vote.php,389,2,1,1
plugins/editorsxtd/image/image.php,285,2,1,1
plugins/editorsxtd/pagebreak/pagebreak.php,595,19,15,4
plugins/editorsxtd/readmore/readmore.php,428,4,2,2
plugins/extension/joomla/joomla.php,424,26,16,10
plugins/system/highlight/highlight.php,99,24,23,1
plugins/system/languagecode/languagecode.php,206,10,5,5
plugins/system/log/log.php,155,6,3,3
plugins/system/p3p/p3p.php,198,4,2,2
templates/beez3/component.php,394,2,1,1
templates/beez3/error.php,318,5,5,0
/beez3/html/comcontact/categories/default.php,318,4,2,2
/html/comcontact/categories/defaultitems.php,136,2,1,1
/beez3/html/comcontact/category/default.php,166,49,42,7
/comcontact/category/defaultchildren.php,153,25,19,6
/html/comcontact/category/defaultitems.php,124,92,72,20
/html/comcontact/contact/defaultaddress.php,388,7,7,0
/html/comcontact/contact/defaultarticles.php,65,8,8,0
/html/comcontact/contact/defaultform.php,780,16,7,9
/html/comcontact/contact/defaultlinks.php,153,7,4,3
/html/comcontact/contact/defaultprofile.php,85,9,5,4
/html/comcontact/contact/encyclopedia.php,166,6,3,3
/beez3/html/comcontent/archive/default.php,810,84,34,50
/html/comcontent/archive/defaultitems.php,266,15,6,9
/beez3/html/comcontent/article/default.php,303,24,12,12
/html/comcontent/article/defaultlinks.php,185,8,4,4
/beez3/html/comcontent/categories/default.php,378,74,39,35
/html/comcontent/categories/defaultitems.php,75,155,77,78
/beez3/html/comcontent/category/blog.php,187,30,16,14
/html/comcontent/category/blogchildren.php,103,16,15,1
/beez3/html/comcontent/category/blogitem.php,674,592,231,361
/html/comcontent/category/bloglinks.php,75,269,46,223
/beez3/html/comcontent/category/default.php,103,4,2,2
/comcontent/category/defaultchildren.php,169,2,1,1
/beez3/html/comcontent/featured/default.php,136,6,5,1
/html/comcontent/featured/defaultlinks.php,133,5,4,1
templates/beez3/html/comcontent/form/edit.php,143,22,18,4
/html/comnewsfeeds/categories/default.php,133,6,1,5
/comnewsfeeds/categories/defaultitems.php,130,5,1,4
/beez3/html/comnewsfeeds/category/default.php,129,22,4,18
/comnewsfeeds/category/defaultchildren.php,136,6,5,1
/html/comnewsfeeds/category/defaultitems.php,133,5,4,1
/html/comweblinks/categories/default.php,143,22,18,4
/comweblinks/categories/defaultitems.php,891,14,11,3
/beez3/html/comweblinks/category/default.php,140,11,5,6
/comweblinks/category/defaultchildren.php,67,17,10,7
/html/comweblinks/category/defaultitems.php,417,3,1,2
templates/beez3/html/comweblinks/form/edit.php,219,160,96,64
templates/beez3/html/message.php,137,3,2,1
templates/beez3/html/modbreadcrumbs/default.php,140,3,2,1
templates/beez3/html/modules.php,409,2,2,0
templates/protostar/component.php,145,16,15,1
templates/system/component.php,103,2,1,1
templates/system/html/modules.php,688,9,8,1
templates/system/index.php,378,6,3,3
/data/installerpackages/tplsimple/index.php,715,8,4,4
tests/plugins/authentication/example/example.php,329,3,1,2
tests/plugins/content/example/example.php,715,10,5,5
tests/plugins/extension/example/example.php,572,2,2,0
tests/plugins/system/example/example.php,480,3,2,1
tests/system/suite/acl/acl0001Test.php,295,9,3,6
tests/system/suite/acl/acl0002Test.php,237,2,1,1
tests/system/suite/acl/acl0003Test.php,96,122,72,50
tests/system/suite/articles/article0001Test.php,137,4,2,2
tests/system/suite/articles/article0003Test.php,272,2,1,1
tests/system/suite/articles/featured0002Test.php,316,12,1,11
tests/system/suite/comusers/group0001Test.php,162,17,9,8
tests/system/suite/comusers/group0002Test.php,662,2,1,1
tests/system/suite/comusers/group0003Test.php,205,9,7,2
tests/system/suite/comusers/user0001Test.php,201,7,7,0
tests/system/suite/comusers/user0002Test.php,201,7,7,0
/suite/controlpanel/controlpanel0001Test.php,417,27,22,5
/suite/controlpanel/controlpanel0002Test.php,201,2,1,1
tests/system/suite/menus/menu0002Test.php,201,2,1,1
tests/system/suite/modules/module0001Test.php,417,2,1,1
tests/system/suite/redirect/redirect0001Test.php,271,2,1,1
/suite/sampledata/sampledata0001Test.php,612,4,4,0
/webdriver/Pages/Extensions/ModuleEditPage.php,65,5,5,0
/Pages/Extensions/ModuleManagerPage.php,703,3,2,1
/system/webdriver/Pages/Menus/MenuEditPage.php,424,4,2,2
/webdriver/Pages/Menus/MenuItemEditPage.php,274,4,2,2
/Pages/Menus/MenuItemsManagerPage.php,397,6,6,0
/webdriver/Pages/Menus/MenuManagerPage.php,72,2,1,1
/Pages/System/AdminEditPage.php,389,2,1,1
/Pages/System/AdminLoginPage.php,285,2,1,1
/Pages/System/AdminManagerPage.php,595,19,15,4
/webdriver/Pages/System/AdminPage.php,428,4,2,2
/Pages/System/ControlPanelPage.php,424,26,16,10
/Pages/System/GenericAdminPage.php,99,24,23,1
/System/GlobalConfigurationPage.php,206,10,5,5
/system/webdriver/Pages/UserNotesEditPage.php,155,6,3,3
/webdriver/Pages/Users/GroupEditPage.php,198,4,2,2
/Pages/Users/GroupManagerPage.php,394,2,1,1
/webdriver/Pages/Users/LevelEditPage.php,318,5,5,0
/Pages/Users/LevelManagerPage.php,318,4,2,2
/webdriver/Pages/Users/UserEditPage.php,136,2,1,1
/Pages/Users/UserManagerPage.php,166,49,42,7
/webdriver/Pages/Users/UserNotesEditPage.php,153,25,19,6
/Pages/Users/UserNotesManagerPage.php,124,92,72,20
tests/system/webdriver/bootstrap.php,388,7,7,0
/webdriver/tests/JoomlaWebdriverTestCase.php,65,8,8,0
/system/webdriver/tests/experimental/Test1.php,780,16,7,9
/tests/extensions/ModuleManager0001Test.php,153,7,4,3
/tests/menus/MenuItemsManager0001Test.php,85,9,5,4
/webdriver/tests/menus/MenuManager0001Test.php,166,6,3,3
tests/system/webdriver/tests/phpunit.php,810,84,34,50
/tests/users/GroupManager0001Test.php,266,15,6,9
/tests/users/LevelManager0001Test.php,303,24,12,12
/tests/users/UserNotesManager0001Test.php,185,8,4,4
tests/unit/bootstrap.php,378,74,39,35
tests/unit/core/mock/application.php,135,2,1,1
tests/unit/core/mock/application/base.php,159,2,1,1
tests/unit/core/mock/application/cli.php,112,2,1,1
tests/unit/core/mock/application/web.php,118,2,1,1
tests/unit/core/mock/cache.php,8,8,4,4
tests/unit/core/mock/config.php,24,2,1,1
tests/unit/core/mock/controller.php,73,2,1,1
tests/unit/core/mock/database/driver.php,211,4,2,2
tests/unit/core/mock/database/query.php,187,2,1,1
tests/unit/core/mock/dispatcher.php,97,4,2,2
tests/unit/core/mock/document.php,116,14,7,7
tests/unit/core/mock/language.php,74,2,1,1
tests/unit/core/mock/rules.php,80,8,4,4
tests/unit/core/mock/session.php,170,8,4,4
tests/unit/core/reflection/reflection.php,312,8,4,4
/includes/JAdministratorHelperTest.php,122,4,2,2
/suites/libraries/captcha/JCaptchaTest.php,45,8,4,4
/unit/suites/libraries/editor/JEditorTest.php,22,4,2,2
/suites/libraries/error/JErrorPageTest.php,166,2,1,1
/unit/suites/libraries/feed/JFeedLinkTest.php,161,2,1,1
/suites/libraries/feed/JFeedPersonTest.php,148,2,1,1
/libraries/feed/stubs/JFeedParserMock.php,35,8,4,4
/feed/stubs/JFeedParserMockNamespace.php,64,8,4,4
/feed/stubs/JFeedParserProcessElementMock.php,69,10,5,5
/form/field/JFormFieldCaptchaTest.php,47,8,4,4
/form/field/JFormFieldChromestyleTest.php,81,8,4,4
/form/field/JFormFieldContentlanguageTest.php,48,23,23,0
/libraries/form/field/JFormFieldEditorTest.php,16,2,1,1
/form/field/JFormFieldHeadertagTest.php,197,4,2,2
/form/field/JFormFieldHelpsiteTest.php,243,8,4,4
/libraries/form/field/JFormFieldMediaTest.php,105,25,23,2
/libraries/form/field/JFormFieldMenuTest.php,113,9,8,1
/form/field/JFormFieldMenuitemTest.php,50,2,1,1
/form/field/JFormFieldModuleorderTest.php,197,2,1,1
/form/field/JFormFieldModulepositionTest.php,243,2,1,1
/form/field/JFormFieldModuletagTest.php,169,12,7,5
/form/field/JFormFieldTemplatestyleTest.php,231,9,6,3
/libraries/form/field/JFormFieldUserTest.php,86,20,15,5
/libraries/form/rule/JFormRuleCaptchaTest.php,66,2,1,1
tests/unit/suites/libraries/help/JHelpTest.php,52,4,2,2
/unit/suites/libraries/html/JHtmlBatchTest.php,92,4,2,2
/suites/libraries/html/JHtmlCategoryTest.php,268,2,1,1
/unit/suites/libraries/html/JHtmlIconsTest.php,270,2,1,1
/suites/libraries/html/JHtmlJqueryTest.php,67,2,1,1
/libraries/html/JHtmlSortablelistTest.php,197,16,8,8
/libraries/language/JLanguageMultilangTest.php,86,18,9,9
/suites/libraries/layout/JLayoutBaseTest.php,133,4,2,2
/suites/libraries/layout/JLayoutFileTest.php,111,9,5,4
/unit/suites/libraries/menu/JMenuSiteTest.php,17,16,8,8
/suites/libraries/pathway/JPathwaySiteTest.php,244,23,13,10
/libraries/router/JRouterAdministratorTest.php,120,6,3,3
/suites/libraries/router/JRouterSiteTest.php,34,12,6,6
/libraries/schema/JSchemaChangeitemTest.php,142,4,2,2
/libraries/schema/JSchemaChangesetTest.php,63,14,7,7
/changeitem/JSchemaChangeitemMysqlTest.php,44,4,2,2
/JSchemaChangeitemPostgresqlTest.php,189,2,1,1
/changeitem/JSchemaChangeitemSqlsrvTest.php,99,2,1,1
/suites/libraries/search/JSearchHelperTest.php,289,2,1,1
/libraries/toolbar/JToolbarButtonTest.php,6,2,1,1
/toolbar/button/JToolbarButtonConfirmTest.php,99,2,1,1
/toolbar/button/JToolbarButtonCustomTest.php,289,2,1,1
/toolbar/button/JToolbarButtonHelpTest.php,6,2,1,1
/toolbar/button/JToolbarButtonLinkTest.php,69,1,1,0
/toolbar/button/JToolbarButtonPopupTest.php,120,2,1,1
/button/JToolbarButtonSeparatorTest.php,17,4,2,2
/toolbar/button/JToolbarButtonSliderTest.php,64,61,61,0
/toolbar/button/JToolbarButtonStandardTest.php,34,10,10,0
/suites/libraries/version/JVersionTest.php,249,4,2,2
components/comtags/views/tag/tmpl/default.php,198,4,2,2
components/comtags/views/tag/view.html.php,128,20,14,6
/comtags/views/tags/tmpl/defaultbatch.php,178,5,4,1
/comconfig/controller/modules/display.php,102,4,2,2
components/comconfig/controller/modules/save.php,52,8,1,7
/libraries/cms/installer/JInstallerTest.php,52,13,13,0
layouts/joomla/modal/main.php,118,93,50,43
/classloader.phpcms/class/loader.php,160,40,40,0
libraries/joomla/form/rule/options.php,64,12,11,1
/components/comconfig/model/component.php,128,171,101,70
libraries/cms/form/field/usergrouplist.php,200,31,31,0
/views/association/tmpl/edit.php,112,17,12,5
plugins/fields/integer/tmpl/integer.php,133,35,5,30
/libraries/cms/helper/JHelperMediaTest.php,249,8,0,8
/modules/modmenu/tmpl/defaultsubmenu.php,117,10,9,1
libraries/classmap.php,103,4,2,2
/BaseModel.phpBaseDatabaseModel.php,169,2,1,1
libraries/src/MVC/Model/FormModel.php,136,6,5,1
libraries/src/MVC/Model/ItemModel.php,133,5,4,1
libraries/src/Version.php,143,22,18,4
plugins/content/pagenavigation/tmpl/default.php,133,6,1,5
components/comwrapper/views/wrapper/tmpl/default.php,130,5,1,4
layouts/joomla/content/infoblock/associations.php,129,22,4,18
administrator/components/comadmin/models/sysinfo.php,136,6,5,1
administrator/components/comusers/models/notes.php,133,5,4,1
installation/model/setup.php,143,22,18,4
plugins/system/remember/remember.php,891,14,11,3
components/comtags/controllers/tags.php,140,11,5,6
administrator/components/comconfig/model/field/filters.php,67,17,10,7
administrator/components/comjoomlaupdate/restore.php,417,3,1,2
components/comcontact/views/contact/tmpl/default.php,219,160,96,64
libraries/src/Toolbar/Button/HelpButton.php,137,3,2,1
templates/beez3/html/comcontact/contact/default.php,140,3,2,1
/libraries/cms/toolbar/button/JToolbarButtonHelpTest.php,409,2,2,0
/comactionlogs/helpers/actionlogs.php,145,16,15,1
/comactionlogs/helpers/actionlogsphp55.php,103,2,1,1
/comconfig/controller/component/save.php,688,9,8,1
components/comconfig/controller/display.php,378,6,3,3
libraries/src/Form/Rule/SubFormRule.php,715,8,4,4
/components/comtemplates/controllers/template.php,329,3,1,2
libraries/phputf8/native/core.php,715,10,5,5
libraries/phputf8/ord.php,572,2,2,0
libraries/phputf8/utf8.php,480,3,2,1
libraries/phputf8/utils/bad.php,295,9,3,6
libraries/phputf8/utils/position.php,237,2,1,1
libraries/phputf8/utils/unicode.php,96,122,72,50
libraries/phputf8/utils/validation.php,137,4,2,2
administrator/components/combanners/models/tracks.php,272,2,1,1
libraries/src/Log/DelegatingPsrLogger.php,316,12,1,11