files,LocFixing,ChurnFxing,AddedFixing,RemovedFixing
auth/ldap/ntlmssoattempt.php,172,5,3,2
auth/ldap/ntlmssomagic.php,274,4,2,2
auth/shibboleth/login.php,48,16,4,12
backup/util/helper/backupcronhelper.class.php,237,2,1,1
blocks/feedback/blockfeedback.php,180,2,1,1
cohort/editform.php,4,2,1,1
lib/filestorage/zippacker.php,91,7,6,1
mod/data/view.php,376,2,1,1
mod/feedback/complete.php,75,30,29,1
mod/feedback/completeguest.php,163,74,44,30
mod/feedback/item/feedbackitemclass.php,171,4,2,2
version.php,335,4,2,2
admin/blocks.php,44,2,1,1
admin/cli/install.php,228,8,8,0
admin/cli/installdatabase.php,44,2,1,1
admin/cron.php,183,3,2,1
admin/handlevirus.php,109,135,87,48
admin/index.php,55,2,1,1
admin/settings/courses.php,295,2,1,1
admin/settings/plugins.php,83,18,15,3
admin/settings/security.php,104,4,2,2
admin/webservice/documentation.php,136,1,1,0
auth/cas/lang/en/authcas.php,147,2,1,1
backup/backup.php,228,4,2,2
backup/backupscheduled.php,4,3,1,2
backup/controller/backupcontroller.class.php,1794,1,1,0
backup/moodle2/backupcoursetask.class.php,131,2,1,1
backup/moodle2/backupstepslib.php,853,2,1,1
backup/moodle2/restorecoursetask.class.php,273,50,50,0
backup/moodle2/restorestepslib.php,389,1,1,0
backup/util/checks/backupcheck.class.php,173,17,6,11
backup/util/checks/restorecheck.class.php,434,52,49,3
/dbops/backupcontrollerdbops.class.php,49,6,4,2
backup/util/dbops/backupplandbops.class.php,236,23,20,3
backup/util/ui/importextensions.php,193,16,15,1
backup/util/ui/restoreuicomponents.php,226,2,2,0
blocks/community/lang/en/blockcommunity.php,194,7,4,3
blocks/courselist/blockcourselist.php,44,3,3,0
blocks/html/blockhtml.php,227,3,2,1
blocks/html/editform.php,231,2,2,0
blocks/rssclient/editfeed.php,447,5,5,0
blocks/search/blocksearch.php,187,14,12,2
blog/editform.php,205,7,4,3
blog/simpletest/testbloglib.php,99,2,1,1
calendar/exportexecute.php,240,4,3,1
calendar/preferences.php,411,3,2,1
calendar/view.php,313,2,1,1
cohort/edit.php,447,4,2,2
cohort/index.php,50,18,0,18
configdist.php,46,17,0,17
course/category.php,34,17,0,17
course/completionform.php,79,17,0,17
course/delete.php,279,18,0,18
course/deletecategoryform.php,104,17,0,17
course/edit.php,33,17,0,17
course/editform.php,74,17,0,17
course/editcategory.php,95,1,0,1
course/editcategoryform.php,164,16,9,7
course/format/topics/format.php,104,18,16,2
course/format/topics/lib.php,159,103,103,0
course/format/weeks/format.php,99,32,32,0
course/format/weeks/lib.php,1079,2,1,1
course/info.php,20,10,10,0
course/modduplicate.php,28,10,9,1
course/moodleformmod.php,36,2,1,1
course/publish/index.php,169,2,2,0
course/publish/metadata.php,177,2,1,1
course/recentform.php,1796,2,2,0
course/report/completion/index.php,108,7,3,4
course/report/log/graph.php,430,6,2,4
course/report/progress/index.php,766,2,2,0
course/report/stats/report.php,141,10,7,3
course/rest.php,245,2,1,1
course/user.php,447,6,3,3
enrol/manual/lib.php,524,8,4,4
enrol/meta/addinstanceform.php,184,3,1,2
enrol/paypal/ipn.php,25,9,7,2
enrol/paypal/return.php,33,9,7,2
files/coursefilesedit.php,213,1,1,0
filter/localsettingsform.php,206,1,1,0
/mediaplugin/lang/en/filtermediaplugin.php,216,1,1,0
grade/edit/outcome/edit.php,199,2,1,1
grade/edit/scale/edit.php,648,1,1,0
grade/export/ods/gradeexportods.php,100,7,5,2
grade/export/txt/gradeexporttxt.php,379,1,1,0
grade/export/txt/index.php,83,37,37,0
grade/export/xls/gradeexportxls.php,97,20,20,0
grade/export/xml/gradeexportxml.php,237,7,4,3
grade/import/csv/index.php,461,11,10,1
grade/report/index.php,320,4,3,1
grade/report/overview/lib.php,97,10,10,0
group/index.php,516,4,2,2
group/overview.php,191,2,1,1
install/lang/ms/moodle.php,213,2,1,1
lang/en/admin.php,311,17,16,1
lang/en/auth.php,349,62,42,20
lang/en/error.php,193,5,5,0
lang/en/filters.php,441,10,4,6
lang/en/grades.php,96,1,1,0
lang/en/message.php,142,22,13,9
lang/en/moodle.org.php,61,2,1,1
lang/en/moodle.php,135,2,1,1
lang/en/question.php,44,2,1,1
lang/en/repository.php,238,2,1,1
lang/en/search.php,256,3,2,1
lang/en/webservice.php,437,6,4,2
lib/completion/completioncriteriaactivity.php,464,16,11,5
lib/completion/completioncriteriacourse.php,308,6,3,3
lib/completion/completioncriteriaduration.php,228,1,1,0
lib/db/access.php,190,3,2,1
lib/ddl/mssqlsqlgenerator.php,402,1,1,0
lib/dml/moodledatabase.php,337,16,3,13
lib/dml/mssqlnativemoodledatabase.php,63,2,1,1
lib/dml/mysqlinativemoodledatabase.php,64,6,3,3
lib/dml/ocinativemoodledatabase.php,138,6,3,3
lib/dml/pgsqlnativemoodledatabase.php,176,5,3,2
lib/dml/sqlsrvnativemoodledatabase.php,328,1,0,1
lib/filebrowser/fileinfocontextcourse.php,202,2,1,1
lib/filebrowser/fileinfocontextmodule.php,155,5,1,4
lib/form/recaptcha.php,192,11,7,4
lib/grade/gradegrade.php,287,2,1,1
lib/html2text.php,246,7,5,2
lib/setup.php,767,2,1,1
lib/simpletest/portfoliotestclass.php,2,2,1,1
lib/simpletest/testformslib.php,2,2,1,1
lib/simpletest/testrepositorylib.php,208,10,5,5
local/qeupgradehelper/afterupgradelib.php,303,17,17,0
local/qeupgradehelper/lib.php,128,12,6,6
local/qeupgradehelper/locallib.php,310,6,4,2
login/forgotpassword.php,524,2,1,1
message/edit.php,97,35,35,0
message/output/email/messageoutputemail.php,120,2,1,1
message/output/lib.php,124,9,3,6
mod/assignment/lang/en/assignment.php,25,2,1,1
mod/assignment/locallib.php,34,2,2,0
mod/assignment/renderer.php,82,3,1,2
/testassignmentportfoliocallers.php,31,2,1,1
mod/assignment/type/upload/upload.php,66,4,3,1
mod/assignment/type/uploadsingle/upload.php,36,2,0,2
mod/chat/chatajax.php,30,1,1,0
mod/chat/guiajax/index.php,37,3,1,2
mod/chat/guiheaderjs/index.php,27,3,1,2
mod/chat/guisockets/index.php,37,3,1,2
/simpletest/testchatportfoliocallers.php,37,3,1,2
mod/chat/view.php,128,10,8,2
mod/choice/lang/en/choice.php,28,2,2,0
mod/choice/modform.php,28,2,2,0
mod/choice/version.php,59,3,2,1
mod/choice/view.php,25,2,1,1
mod/data/edit.php,33,3,1,2
/simpletest/testdataportfoliocallers.php,82,2,1,1
mod/feedback/analysiscourse.php,31,2,1,1
mod/feedback/analysistoexcel.php,64,4,1,3
mod/feedback/deletetemplate.php,29,7,2,5
mod/feedback/item/captcha/captchaform.php,37,2,1,1
mod/feedback/item/feedbackitemformclass.php,27,2,1,1
mod/feedback/item/info/infoform.php,37,2,1,1
/item/multichoice/multichoiceform.php,37,2,1,1
/multichoicerated/multichoiceratedform.php,128,6,3,3
mod/feedback/item/numeric/numericform.php,27,5,2,3
mod/feedback/item/textarea/textareaform.php,27,5,2,3
mod/feedback/item/textfield/textfieldform.php,312,115,62,53
mod/feedback/mapcourse.php,505,1,1,0
mod/feedback/showentries.php,317,22,14,8
mod/feedback/showentriesanonym.php,504,1,0,1
mod/feedback/shownonrespondents.php,333,14,7,7
mod/forum/discuss.php,435,24,11,13
mod/forum/index.php,333,2,1,1
mod/forum/lang/en/forum.php,332,7,3,4
/simpletest/testforumportfoliocallers.php,109,1,1,0
mod/forum/user.php,435,2,1,1
mod/forum/view.php,259,28,19,9
/testglossaryportfoliocallers.php,505,1,1,0
mod/glossary/view.php,381,1,1,0
mod/lesson/editpage.php,475,2,1,1
mod/lesson/report.php,121,2,1,1
mod/lesson/view.php,180,1,1,0
mod/quiz/addrandom.php,128,21,12,9
mod/quiz/attempt.php,128,4,2,2
mod/quiz/comment.php,104,2,1,1
mod/quiz/edit.php,193,27,9,18
mod/quiz/lang/en/quiz.php,193,2,1,1
mod/quiz/modform.php,314,13,12,1
mod/quiz/overridedelete.php,80,4,4,0
mod/quiz/overrideedit.php,93,36,19,17
mod/quiz/overrides.php,306,1,1,0
mod/quiz/processattempt.php,141,16,11,5
/report/overview/lang/en/quizoverview.php,104,27,17,10
mod/quiz/report/statistics/responseanalysis.php,37,4,3,1
mod/quiz/review.php,79,2,1,1
mod/quiz/reviewquestion.php,463,4,2,2
mod/quiz/summary.php,85,10,0,10
mod/scorm/modform.php,136,4,3,1
mod/scorm/player.php,229,1,1,0
mod/scorm/version.php,294,2,1,1
mod/scorm/view.php,3,2,1,1
mod/survey/download.php,3,2,1,1
mod/survey/index.php,3,2,1,1
mod/survey/view.php,3,2,1,1
mod/wiki/admin.php,3,2,1,1
mod/wiki/instancecomments.php,3,2,1,1
mod/wiki/lang/en/wiki.php,1794,2,1,1
mod/wiki/restoreversion.php,73,7,5,2
mod/wiki/view.php,312,237,155,82
mod/workshop/assessment.php,125,7,7,0
mod/workshop/exassessment.php,528,6,3,3
mod/workshop/excompare.php,577,28,25,3
mod/workshop/exsubmission.php,4,2,1,1
mod/workshop/form/accumulative/lib.php,173,11,4,7
mod/workshop/form/comments/lib.php,4,2,1,1
mod/workshop/form/numerrors/lib.php,4,2,1,1
mod/workshop/lang/en/workshop.php,439,52,49,3
mod/workshop/submission.php,83,2,2,0
mod/workshop/view.php,54,14,12,2
notes/index.php,90,2,1,1
pluginfile.php,236,23,20,3
/simpletest/testportfoliopluginboxnet.php,193,16,15,1
question/edit.php,226,2,2,0
question/engine/renderer.php,194,7,4,3
question/engine/upgrade/upgradelib.php,44,3,3,0
question/format/aiken/format.php,227,3,2,1
question/preview.php,231,2,2,0
question/previewlib.php,447,5,5,0
/type/calculated/datasetdefinitionsform.php,256,112,51,61
question/type/calculated/datasetitemsform.php,505,5,4,1
question/type/calculated/db/upgradelib.php,162,42,22,20
/calculated/lang/en/qtypecalculated.php,181,28,15,13
question/type/calculated/simpletest/helper.php,1417,6,3,3
/type/calculated/simpletest/testquestion.php,187,14,12,2
question/type/calculatedmulti/question.php,204,10,5,5
/description/lang/en/qtypedescription.php,99,2,1,1
question/type/description/renderer.php,240,4,3,1
question/type/description/simpletest/helper.php,411,3,2,1
/description/simpletest/testwalkthrough.php,234,12,5,7
question/type/editquestionform.php,47,4,2,2
/type/multianswer/editmultianswerform.php,650,18,18,0
question/type/multianswer/simpletest/helper.php,650,18,18,0
/multianswer/simpletest/testquestiontype.php,70,2,1,1
/type/multichoice/backup/moodle1/lib.php,70,2,1,1
/backupqtypemultichoiceplugin.class.php,508,2,2,0
question/type/multichoice/db/upgradelib.php,508,1,0,1
/multichoice/simpletest/testquestiontype.php,4,2,1,1
question/type/questionbase.php,313,2,1,1
question/type/rendererbase.php,90,1,1,0
/truefalse/simpletest/testwalkthrough.php,50,18,0,18
repository/boxnet/lang/en/repositoryboxnet.php,46,17,0,17
repository/boxnet/lib.php,34,17,0,17
repository/filepicker.php,79,17,0,17
repository/repositoryajax.php,279,18,0,18
/youtube/lang/en/repositoryyoutube.php,104,17,0,17
repository/youtube/lib.php,33,17,0,17
search/query.php,74,17,0,17
search/stats.php,95,1,0,1
tag/coursetagsedit.php,164,16,9,7
tag/coursetagsmore.php,104,18,16,2
tag/edit.php,159,103,103,0
theme/formalwhite/config.php,99,32,32,0
theme/image.php,31,7,2,5
theme/index.php,214,2,1,1
theme/javascript.php,4,2,1,1
theme/styles.php,66,2,1,1
theme/yuicombo.php,974,2,1,1
user/edit.php,594,5,4,1
user/editadvanced.php,128,4,3,1
user/filters/checkbox.php,309,148,98,50
user/filters/courserole.php,978,2,2,0
user/filters/date.php,115,2,2,0
user/index.php,192,6,6,0
user/messageselect.php,269,6,6,0
user/view.php,243,6,6,0
webservice/upload.php,20,10,10,0
webservice/wsdoc.php,28,10,9,1
install/lang/fo/langconfig.php,36,2,1,1
install/lang/ga/error.php,169,2,2,0
install/lang/jakids/langconfig.php,177,2,1,1
install/lang/uk/install.php,1788,2,2,0
portfolio/add.php,108,7,3,4
/dropbox/lang/en/repositorydropbox.php,1112,10,4,6
admin/lib.php,485,10,5,5
blocks/editform.php,430,6,2,4
course/format/scorm/version.php,753,2,2,0
course/format/social/version.php,158,10,7,3
course/format/topics/version.php,309,2,1,1
course/format/weeks/version.php,184,3,1,2
admin/mnet/peerforms.php,391,55,44,11
admin/mnet/peers.php,25,9,7,2
admin/qbehaviours.php,33,9,7,2
admin/qtypes.php,197,1,1,0
admin/renderer.php,205,1,1,0
admin/roles/admins.php,215,1,1,0
admin/roles/lib.php,199,2,1,1
admin/settings.php,648,1,1,0
admin/settings/mnet.php,100,7,5,2
admin/settings/users.php,379,1,1,0
admin/tool/customlang/db/upgrade.php,83,37,37,0
/tool/dbtransfer/databasetransferform.php,97,20,20,0
admin/tool/dbtransfer/index.php,237,7,4,3
admin/tool/qeupgradehelper/locallib.php,461,11,10,1
/spamcleaner/lang/en/toolspamcleaner.php,320,4,3,1
admin/user.php,97,10,10,0
admin/webservice/forms.php,516,4,2,2
admin/webservice/tokens.php,191,2,1,1
auth/manual/db/upgrade.php,213,2,1,1
auth/mnet/db/upgrade.php,311,17,16,1
backup/cc/cc2moodle.php,349,62,42,20
backup/cc/entities.class.php,193,5,5,0
backup/cc/entities11.class.php,96,1,1,0
backup/cc/entity.quiz.class.php,59,64,54,10
backup/cc/entity11.quiz.class.php,5,4,2,2
backup/controller/restorecontroller.class.php,5,4,2,2
backup/converter/imscc1/lib.php,142,22,13,9
backup/converter/imscc11/lib.php,61,2,1,1
backup/log.php,44,2,1,1
backup/util/plan/backupplan.class.php,136,2,1,1
backup/util/settings/backupsetting.class.php,243,2,1,1
/util/settings/simpletest/testsettings.php,256,3,2,1
/util/structure/backupoptigroup.class.php,437,6,4,2
backup/util/ui/backupui.class.php,308,6,3,3
blocks/community/db/upgrade.php,228,1,1,0
blocks/html/db/upgrade.php,193,3,2,1
blocks/login/blocklogin.php,402,1,1,0
blocks/navigation/db/upgrade.php,337,16,3,13
blocks/settings/db/upgrade.php,64,6,3,3
blog/index.php,138,6,3,3
course/mod.php,63,2,1,1
course/modedit.php,115,2,1,1
course/view.php,204,5,3,2
enrol/ajax.php,328,1,0,1
enrol/authorize/db/upgrade.php,201,2,1,1
enrol/bulkchange.php,159,5,1,4
enrol/database/db/upgrade.php,194,11,7,4
enrol/database/lib.php,287,2,1,1
enrol/flatfile/db/upgrade.php,246,7,5,2
enrol/guest/db/install.php,754,2,1,1
enrol/guest/db/upgrade.php,4,2,1,1
enrol/guest/lib.php,4,2,1,1
enrol/guest/version.php,208,10,5,5
enrol/imsenterprise/lib.php,303,17,17,0
enrol/instances.php,128,12,6,6
enrol/ldap/lib.php,310,6,4,2
enrol/ldap/settings.php,98,35,35,0
enrol/locallib.php,118,2,1,1
enrol/manual/locallib.php,124,9,3,6
enrol/manual/unenroluser.php,25,2,1,1
enrol/mnet/db/upgrade.php,34,2,2,0
enrol/paypal/db/upgrade.php,82,3,1,2
enrol/self/lib.php,31,2,1,1
enrol/self/unenroluser.php,66,4,3,1
enrol/unenroluser.php,36,2,0,2
filter/mediaplugin/db/upgrade.php,30,1,1,0
filter/tex/db/upgrade.php,37,3,1,2
grade/grading/form/rubric/db/upgrade.php,27,3,1,2
grade/report/user/index.php,37,3,1,2
lang/en/condition.php,37,3,1,2
lang/en/install.php,128,10,8,2
lang/en/mnet.php,28,2,2,0
lang/en/plugin.php,28,2,2,0
lang/en/role.php,59,3,2,1
/plugins/spellchecker/classes/PSpell.php,25,2,1,1
/spellchecker/classes/PSpellShell.php,33,3,1,2
lib/filestorage/filestorage.php,82,2,1,1
lib/form/advcheckbox.php,31,2,1,1
lib/form/checkbox.php,64,4,1,3
lib/form/editor.php,29,7,2,5
lib/form/password.php,37,2,1,1
lib/form/passwordunmask.php,27,2,1,1
lib/form/radio.php,37,2,1,1
lib/form/select.php,37,2,1,1
lib/form/selectgroups.php,128,6,3,3
lib/form/selectwithlink.php,27,5,2,3
lib/form/text.php,27,5,2,3
lib/form/url.php,333,14,7,7
lib/outputcomponents.php,312,115,62,53
lib/pear/HTML/QuickForm/checkbox.php,509,1,1,0
lib/pear/HTML/QuickForm/element.php,317,34,20,14
lib/pear/HTML/QuickForm/radio.php,508,1,0,1
lib/simpletest/testweblib.php,435,24,11,13
/Validate/Barcode/UpcA.phpUpca.php,333,4,2,2
login/signup.php,333,4,2,2
message/output/email/db/upgrade.php,109,1,1,0
message/output/jabber/db/upgrade.php,435,2,1,1
message/output/jabber/messageoutputjabber.php,259,28,19,9
message/output/popup/db/upgrade.php,475,2,1,1
/type/uploadsingle/assignment.class.php,381,1,1,0
mod/chat/db/upgrade.php,121,2,1,1
mod/choice/db/upgrade.php,183,1,1,0
mod/data/field/picture/field.class.php,128,21,12,9
mod/folder/db/upgrade.php,128,4,2,2
mod/forum/post.php,104,2,1,1
mod/forum/postform.php,193,27,9,18
/moodle2/restoreglossarystepslib.php,193,2,1,1
mod/glossary/importform.php,314,13,12,1
mod/imscp/db/upgrade.php,80,4,4,0
mod/label/db/upgrade.php,93,36,19,17
mod/lesson/pagetypes/essay.php,306,1,1,0
mod/lesson/renderer.php,142,16,11,5
mod/lti/db/upgrade.php,105,27,17,10
mod/lti/lang/en/lti.php,102,4,2,2
mod/page/db/upgrade.php,37,4,3,1
mod/quiz/report/attemptsreport.php,79,2,1,1
mod/quiz/report/default.php,549,18,13,5
mod/quiz/report/grading/report.php,234,4,2,2
mod/quiz/report/overview/overviewtable.php,47,6,3,3
mod/quiz/report/overview/report.php,463,4,2,2
mod/quiz/report/responses/report.php,85,10,0,10
mod/quiz/report/responses/responsestable.php,136,4,3,1
mod/quiz/report/statistics/lib.php,246,50,33,17
mod/quiz/simpletest/testlocallib.php,64,2,1,1
mod/quiz/view.php,222,2,1,1
mod/scorm/api.php,102,15,7,8
mod/scorm/datamodels/scorm13.js.php,229,1,1,0
mod/scorm/db/access.php,294,2,1,1
mod/scorm/lang/en/scorm.php,5,2,1,1
mod/scorm/loadSCO.php,5,2,1,1
mod/scorm/report/basic/report.php,5,2,1,1
mod/scorm/report/interactions/report.php,5,2,1,1
mod/survey/db/upgrade.php,141,2,1,1
mod/url/db/upgrade.php,141,2,1,1
mod/workshop/form/accumulative/db/upgrade.php,343,15,10,5
mod/workshop/form/comments/db/upgrade.php,5,2,1,1
mod/workshop/form/numerrors/db/upgrade.php,5,2,1,1
mod/workshop/form/rubric/db/upgrade.php,1786,2,1,1
mod/workshop/simpletest/testlocallib.php,72,7,5,2
/adaptive/lang/en/qbehaviouradaptive.php,312,237,155,82
question/behaviour/adaptive/renderer.php,506,11,6,5
/adaptive/simpletest/testwalkthrough.php,44,2,1,1
question/categoryclass.php,53,2,1,1
question/engine/bank.php,5,2,1,1
question/engine/datalib.php,5,2,1,1
question/type/essay/db/upgrade.php,125,7,7,0
question/type/multianswer/db/upgrade.php,97,2,1,1
/restoreqtypemultichoiceplugin.class.php,853,2,1,1
question/type/shortanswer/questiontype.php,54,8,6,2
question/upgrade.php,138,2,1,1
report/outline/index.php,82,4,3,1
theme/formalwhite/db/upgrade.php,248,9,7,2
theme/mymobile/layout/general.php,249,21,12,9
theme/mymobile/renderers.php,121,2,1,1
theme/skyhigh/config.php,230,1,1,0
user/editadvancedform.php,77,2,1,1
user/filters/lib.php,22,25,4,21
user/profile.php,236,11,11,0
user/profile/field/checkbox/field.class.php,197,27,27,0
webservice/rest/locallib.php,63,4,3,1
admin/cli/mysqlcollation.php,182,19,14,5
admin/filters.php,237,8,5,3
admin/mnet/accesscontrol.php,34,31,17,14
admin/portfolio.php,517,5,3,2
admin/repository.php,5,4,2,2
admin/roles/check.php,59,40,35,5
admin/roles/usersroles.php,4,2,1,1
admin/settings/frontpage.php,336,2,1,1
admin/timezone.php,62,2,1,1
admin/tool/langimport/index.php,321,10,3,7
admin/tool/profiling/index.php,238,4,2,2
admin/tool/uploaduser/index.php,109,5,1,4
/newtablefrommysql.class.php,93,2,1,1
/viewstructurephp.class.php,27,13,1,12
/viewtablephp/viewtablephp.class.php,272,6,3,3
auth/email/auth.php,382,27,27,0
auth/email/lang/en/authemail.php,262,2,1,1
auth/manual/auth.php,109,2,1,1
backup/moodle2/backupcustomfields.php,496,2,1,1
backup/util/dbops/restoredbops.class.php,211,3,3,0
/util/plan/backupstructurestep.class.php,241,48,14,34
backup/util/plan/basetask.class.php,89,13,7,6
/util/plan/restorestructurestep.class.php,505,6,3,3
/structure/backupnestedelement.class.php,89,2,1,1
backup/util/ui/backupuistage.class.php,208,3,0,3
backup/util/ui/basemoodleform.class.php,91,4,2,2
backup/util/ui/restoreuistage.class.php,40,1,1,0
blocks/blogrecent/blockblogrecent.php,54,13,8,5
blocks/community/blockcommunity.php,70,8,6,2
/completionstatus/blockcompletionstatus.php,94,10,7,3
blocks/completionstatus/details.php,51,1,1,0
/lang/en/blockcompletionstatus.php,132,15,9,6
blocks/navigation/renderer.php,213,5,5,0
blocks/newsitems/blocknewsitems.php,342,2,1,1
blocks/tags/blocktags.php,578,28,25,3
blog/externalblogs.php,137,2,1,1
blog/locallib.php,370,4,2,2
calendar/delete.php,44,11,11,0
calendar/event.php,115,135,72,63
calendar/renderer.php,131,30,22,8
course/reset.php,114,24,17,7
course/resetform.php,204,4,2,2
course/scales.php,80,2,1,1
course/search.php,40,1,1,0
course/togglecompletion.php,26,3,2,1
enrol/authorize/index.php,243,10,5,5
enrol/cohort/lib.php,174,11,4,7
enrol/externallib.php,134,1,0,1
enrol/index.php,341,1,1,0
enrol/manual/manage.php,421,2,1,1
enrol/self/locallib.php,272,2,1,1
filter/algebra/filter.php,578,10,4,6
filter/algebra/lang/en/filteralgebra.php,384,8,4,4
filter/manage.php,436,1,1,0
/simpletest/testfiltermediaplugin.php,389,15,13,2
grade/edit/tree/categoryform.php,199,3,3,0
grade/edit/tree/index.php,252,15,9,6
grade/edit/tree/item.php,175,4,3,1
grade/edit/tree/itemform.php,520,1,1,0
grade/edit/tree/lib.php,110,1,1,0
/backupgradingformrubricplugin.class.php,195,1,1,0
/restoregradingformrubricplugin.class.php,141,21,17,4
grade/grading/form/rubric/lib.php,315,37,17,20
grade/grading/form/rubric/renderer.php,282,5,3,2
lang/en/backup.php,244,5,3,2
lang/en/completion.php,193,4,2,2
lang/en/notes.php,446,32,16,16
lang/en/table.php,516,32,16,16
/completioncriteriacompletion.php,245,4,2,2
lib/ddl/mysqlsqlgenerator.php,183,4,2,2
lib/editor/tinymce/lib.php,229,26,22,4
lib/googleapi.php,75,22,18,4
lib/grade/gradecategory.php,54,76,20,56
lib/grade/gradeitem.php,128,1,1,0
lib/grade/simpletest/testgradecategory.php,115,13,9,4
lib/rsslib.php,173,2,1,1
lib/simpletest/testcompletionlib.php,5,2,1,1
login/index.php,5,2,1,1
message/index.php,245,4,2,2
mod/assignment/modform.php,38,2,2,0
mod/chat/guibasic/index.php,114,55,33,22
mod/chat/guiheaderjs/chatinput.php,342,1,1,0
mod/chat/guisockets/chatinput.php,178,4,2,2
mod/chat/lang/en/chat.php,247,1,1,0
/backup/moodle2/restorechoicestepslib.php,99,1,0,1
mod/choice/renderer.php,100,33,29,4
mod/data/export.php,134,44,33,11
mod/data/field.php,63,4,3,1
mod/data/field/file/field.class.php,134,2,1,1
mod/data/field/latlong/field.class.php,96,4,3,1
mod/data/field/menu/field.class.php,5,2,1,1
mod/data/field/multimenu/field.class.php,102,4,3,1
mod/data/field/number/field.class.php,102,9,6,3
mod/data/field/radiobutton/field.class.php,45,1,1,0
mod/data/field/text/field.class.php,199,2,2,0
mod/data/field/textarea/field.class.php,421,17,12,5
mod/data/field/url/field.class.php,159,2,1,1
mod/data/templates.php,249,8,7,1
mod/feedback/editform.php,359,4,2,2
mod/feedback/item/multichoice/lib.php,506,2,1,1
mod/feedback/item/multichoicerated/lib.php,222,26,21,5
mod/feedback/item/numeric/lib.php,58,2,1,1
mod/feedback/lang/en/feedback.php,5,2,1,1
mod/glossary/formats.php,114,12,7,5
mod/lesson/pagetypes/matching.php,762,17,10,7
mod/lesson/pagetypes/truefalse.php,5,2,1,1
mod/lti/typessettings.php,157,4,2,2
mod/quiz/attemptlib.php,310,2,2,0
mod/quiz/backup/moodle1/lib.php,412,2,1,1
mod/quiz/report/overview/overviewgraph.php,5,2,1,1
mod/quiz/report/reportlib.php,5,2,1,1
mod/quiz/version.php,61,2,1,1
/backup/moodle2/backupscormstepslib.php,96,19,10,9
mod/wiki/backup/moodle1/lib.php,72,23,23,0
mod/wiki/editors/wikieditor.php,208,4,2,2
mod/wiki/parser/markups/wikimarkup.php,83,19,11,8
mod/wiki/renderer.php,82,11,5,6
notes/externallib.php,245,7,3,4
question/engine/questionusage.php,228,4,2,2
question/format.php,278,25,19,6
question/format/blackboard/format.php,443,27,27,0
/blackboard/lang/en/qformatblackboard.php,265,26,4,22
question/format/blackboard/version.php,18,4,2,2
question/format/blackboardsix/format.php,5,2,1,1
question/format/blackboardsix/formatbase.php,5,2,1,1
question/format/blackboardsix/formatpool.php,211,5,0,5
question/format/blackboardsix/formatqti.php,5,2,1,1
/lang/en/qformatblackboardsix.php,5,2,1,1
question/format/blackboardsix/version.php,221,22,22,0
question/format/examview/format.php,333,2,1,1
question/format/examview/version.php,222,5,3,2
question/format/gift/format.php,333,2,1,1
question/format/multianswer/format.php,45,37,37,0
question/type/match/lang/en/qtypematch.php,401,44,27,17
/multianswer/lang/en/qtypemultianswer.php,180,10,6,4
/multichoice/lang/en/qtypemultichoice.php,48,2,1,1
question/type/multichoice/question.php,78,11,8,3
question/type/numerical/question.php,278,23,6,17
/type/numerical/simpletest/testanswer.php,87,25,25,0
/restoreqtypeshortanswerplugin.class.php,14,1,1,0
/shortanswer/lang/en/qtypeshortanswer.php,73,10,7,3
report/backups/index.php,356,1,1,0
report/stats/settings.php,356,2,1,1
repository/filesystem/lib.php,301,2,1,1
repository/flickr/lib.php,134,2,1,1
repository/flickrpublic/lib.php,29,2,1,1
repository/googledocs/lib.php,151,1,1,0
repository/manageinstances.php,298,6,5,1
repository/picasa/lib.php,49,12,8,4
repository/s3/lib.php,236,4,2,2
repository/webdav/lib.php,,0,0,0
theme/base/layout/frontpage.php,80,13,5,8
theme/base/layout/general.php,159,7,5,2
theme/base/layout/report.php,208,22,11,11
theme/canvas/config.php,481,15,8,7
user/addnote.php,334,7,4,3
user/externallib.php,261,1,0,1
user/groupaddnote.php,70,7,4,3
webservice/lib.php,664,5,5,0
admin/tool/customlang/locallib.php,102,2,1,1
admin/tool/xmldb/lang/en/toolxmldb.php,353,26,26,0
admin/webservice/serviceusers.php,197,8,5,3
auth/db/auth.php,148,2,2,0
auth/shibboleth/index.php,5,2,1,1
auth/shibboleth/lang/en/authshibboleth.php,5,2,1,1
backup/moodle2/restoreqtypeplugin.class.php,1847,1,1,0
backup/util/helper/tests/cronhelpertest.php,140,8,7,1
blocks/community/forms.php,352,3,3,0
blocks/html/lib.php,352,3,0,3
blocks/onlineusers/blockonlineusers.php,183,3,2,1
blocks/rssclient/blockrssclient.php,114,37,18,19
blocks/searchforums/blocksearchforums.php,116,4,2,2
blocks/settings/renderer.php,224,7,7,0
blocks/tags/lang/en/blocktags.php,228,15,11,4
cohort/lib.php,208,11,3,8
comment/lib.php,220,1,0,1
comment/locallib.php,69,24,15,9
course/dnduploadlib.php,70,5,3,2
course/editsection.php,49,12,8,4
course/externallib.php,236,4,2,2
course/format/renderer.php,,0,0,0
course/tests/courselibtest.php,80,13,5,8
course/tests/externallibtest.php,159,7,5,2
enrol/ldap/lang/en/enrolldap.php,208,22,11,11
enrol/ldap/settingslib.php,481,15,8,7
enrol/manual/ajax.php,334,7,4,3
enrol/manual/externallib.php,261,1,0,1
files/renderer.php,70,7,4,3
grade/grading/form/guide/lib.php,664,5,5,0
grade/grading/form/guide/preview.php,102,2,1,1
install/lang/enfix/langconfig.php,353,26,26,0
install/lang/fo/moodle.php,197,8,5,3
install/lang/ms/install.php,148,2,2,0
lang/en/calendar.php,5,2,1,1
lang/en/form.php,5,2,1,1
lang/en/mimetypes.php,1847,1,1,0
lib/bennu/bennu.class.php,140,8,7,1
lib/bennu/iCalendarparameters.php,352,3,3,0
lib/db/services.php,352,3,0,3
lib/dml/tests/dmltest.php,183,3,2,1
lib/dtl/databaseexporter.php,114,37,18,19
lib/editor/tinymce/lang/en/editortinymce.php,116,4,2,2
/3.5.1.1/plugins/moodlemedia/preview.php,224,7,7,0
lib/filebrowser/filebrowser.php,228,15,11,4
lib/filebrowser/fileinfo.php,208,11,3,8
lib/filebrowser/fileinfocontextcoursecat.php,220,1,0,1
lib/filebrowser/fileinfostored.php,69,24,15,9
lib/grade/tests/gradecategorytest.php,70,5,3,2
lib/listlib.php,236,4,2,2
lib/modinfolib.php,,0,0,0
lib/phpunit/classes/datagenerator.php,80,14,5,9
lib/phpunit/classes/util.php,664,5,5,0
lib/phpunit/tests/generatortest.php,156,7,5,2
lib/tests/moodlelibtest.php,159,18,11,7
lib/tests/outputcomponentstest.php,249,16,11,5
login/token.php,208,22,11,11
mnet/service/enrol/course.php,461,15,8,7
/backup/moodle2/backupassignstepslib.php,335,7,4,3
mod/assign/gradeform.php,265,1,0,1
mod/assign/gradingoptionsform.php,70,7,4,3
mod/assign/gradingtable.php,210,1,1,0
mod/assign/lang/en/assign.php,237,2,1,1
mod/assign/lib.php,28,3,2,1
mod/assign/locallib.php,101,2,1,1
mod/assign/upgradelib.php,372,26,26,0
/restorebookactivitytask.class.php,166,2,1,1
mod/book/db/upgrade.php,197,8,5,3
mod/book/db/upgradelib.php,148,2,2,0
mod/book/lang/en/book.php,5,2,1,1
mod/book/lib.php,5,2,1,1
mod/book/locallib.php,1977,1,1,0
mod/book/tool/importhtml/index.php,141,8,7,1
mod/book/tool/print/index.php,113,2,1,1
mod/book/tool/print/locallib.php,371,3,3,0
mod/book/version.php,153,3,2,1
mod/book/view.php,114,37,18,19
mod/chat/chatd.php,67,1,1,0
/backup/moodle2/backupchoicestepslib.php,116,4,2,2
mod/data/field/date/field.class.php,5,2,1,1
mod/data/lang/en/data.php,5,2,1,1
mod/data/locallib.php,354,4,3,1
mod/data/tests/searchtest.php,75,26,17,9
mod/folder/renderer.php,547,2,1,1
mod/forum/db/access.php,81,11,10,1
mod/forum/db/events.php,234,2,1,1
mod/forum/locallib.php,128,32,24,8
mod/forum/version.php,38,11,10,1
mod/glossary/locallib.php,459,87,49,38
mod/lesson/importppt.php,367,11,3,8
mod/lesson/importpptlib.php,591,4,0,4
mod/lesson/version.php,388,12,12,0
mod/quiz/cronlib.php,553,14,10,4
mod/quiz/report/attemptsreporttable.php,221,7,7,0
mod/quiz/tests/locallibtest.php,388,12,12,0
mod/workshop/fileinfolib.php,225,15,11,4
my/index.php,209,11,3,8
question/behaviour/behaviourbase.php,406,6,5,1
question/behaviour/rendererbase.php,664,2,1,1
question/engine/lib.php,59,6,4,2
question/engine/questionattemptstep.php,53,3,2,1
question/engine/tests/questionutilstest.php,169,2,1,1
question/format/learnwise/format.php,5,2,1,1
question/format/missingword/format.php,5,2,1,1
/tests/multianswerformattest.php,314,5,0,5
question/format/xhtml/format.php,104,2,1,1
question/tests/importexporttest.php,70,2,1,1
question/type/essay/renderer.php,63,2,1,1
question/type/match/renderer.php,183,2,1,1
question/type/multianswer/renderer.php,40,2,1,1
question/type/multianswer/tests/helper.php,68,2,1,1
/type/multianswer/tests/walkthroughtest.php,186,2,1,1
/type/multichoice/editmultichoiceform.php,40,2,1,1
/type/numerical/lang/en/qtypenumerical.php,553,2,1,1
question/type/numerical/renderer.php,414,6,2,4
question/type/numerical/tests/questiontest.php,366,2,1,1
question/type/shortanswer/question.php,5,2,1,1
question/type/shortanswer/renderer.php,5,2,1,1
report/courseoverview/index.php,724,10,10,0
report/log/lang/en/reportlog.php,90,6,3,3
report/participation/index.php,208,2,1,1
repository/dropbox/lib.php,548,1,1,0
repository/local/lib.php,336,9,8,1
repository/upload/lang/en/repositoryupload.php,138,2,2,0
tag/locallib.php,101,173,123,50
tag/manage.php,103,56,33,23
theme/anomaly/config.php,138,2,1,1
theme/anomaly/renderers.php,104,2,1,1
theme/canvas/layout/frontpage.php,70,2,1,1
theme/canvas/layout/general.php,63,2,1,1
theme/canvas/layout/report.php,183,2,1,1
/formalwhite/lang/en/themeformalwhite.php,40,2,1,1
theme/formalwhite/layout/frontpage.php,68,2,1,1
theme/formalwhite/layout/general.php,186,2,1,1
theme/formalwhite/layout/report.php,40,2,1,1
theme/formalwhite/settings.php,143,2,1,1
user/filters/text.php,225,14,11,3
user/selector/search.php,71,41,30,11
user/tests/externallibtest.php,129,30,15,15
admin/settings/badges.php,281,2,1,1
admin/tests/behat/behatadmin.php,1118,2,1,1
admin/tool/behat/lang/en/toolbehat.php,626,5,3,2
admin/tool/behat/version.php,224,10,6,4
admin/tool/generator/classes/backend.php,45,8,4,4
admin/tool/generator/classes/coursebackend.php,83,13,6,7
/tool/generator/classes/makecourseform.php,5,2,1,1
/generator/classes/maketestplanform.php,221,1,0,1
admin/tool/generator/classes/sitebackend.php,84,20,12,8
/tool/generator/classes/testplanbackend.php,85,9,5,4
admin/tool/generator/cli/maketestcourse.php,140,2,1,1
admin/tool/generator/cli/maketestplan.php,140,2,1,1
admin/tool/generator/cli/maketestsite.php,240,2,1,1
admin/tool/generator/lang/en/toolgenerator.php,246,4,2,2
admin/tool/generator/lib.php,87,7,1,6
admin/tool/generator/maketestcourse.php,156,18,9,9
admin/tool/generator/maketestplan.php,180,38,25,13
admin/tool/generator/settings.php,77,19,9,10
/generator/tests/maketestcoursetest.php,193,35,30,5
/tool/generator/tests/maketestsitetest.php,236,23,14,9
admin/tool/generator/version.php,78,34,18,16
admin/tool/installaddon/classes/installer.php,188,36,23,13
/tool/langimport/lang/en/toollangimport.php,136,19,9,10
auth/cas/auth.php,341,3,1,2
auth/db/lang/en/authdb.php,5,2,1,1
backup/converter/imscc11/backuplib.php,5,2,1,1
backup/moodle2/backupxmltransformer.class.php,436,409,197,212
backup/moodle2/restoresectiontask.class.php,900,10,4,6
backup/util/plan/baseplan.class.php,5,6,3,3
backup/util/ui/renderer.php,5,6,3,3
badges/action.php,421,29,0,29
badges/ajax.php,436,2,1,1
badges/assertion.php,436,2,1,1
badges/backpackform.php,1578,1,1,0
badges/backpackconnect.php,305,39,38,1
badges/criteria.php,465,12,12,0
badges/criteria/awardcriteriaactivity.php,421,5,3,2
badges/criteria/awardcriteriacourseset.php,101,2,1,1
badges/criteriaaction.php,899,1,1,0
badges/criteriasettings.php,418,5,1,4
badges/edit.php,5,2,1,1
badges/index.php,460,5,4,1
badges/lib/backpacklib.php,907,34,17,17
badges/newbadge.php,494,5,3,2
badges/recipients.php,167,1,1,0
badges/renderer.php,37,4,2,2
badges/view.php,64,31,0,31
blocks/community/communitycourse.php,1138,5,4,1
blocks/community/locallib.php,229,4,3,1
blog/edit.php,394,23,19,4
cache/classes/definition.php,592,21,8,13
cache/classes/dummystore.php,354,2,1,1
cache/classes/factory.php,191,7,1,6
cache/classes/helper.php,237,4,2,2
cache/classes/loaders.php,371,5,5,0
cache/disabledlib.php,5,2,1,1
cache/tests/cachetest.php,175,4,2,2
cache/tests/fixtures/lib.php,175,4,2,2
calendar/export.php,907,9,5,4
course/editsectionform.php,201,4,4,0
course/renderer.php,78,11,11,0
course/tests/behat/behatcourse.php,157,4,3,1
enrol/database/lang/en/enroldatabase.php,798,7,6,1
enrol/database/settings.php,193,23,13,10
/imsenterprise/tests/imsenterprisetest.php,116,2,1,1
enrol/meta/lib.php,284,6,3,3
enrol/renderer.php,192,3,2,1
enrol/users.php,238,2,1,1
filter/glossary/filter.php,27,2,2,0
grade/edit/outcome/import.php,149,2,1,1
grade/edit/outcome/importoutcomesform.php,38,27,15,12
grade/import/gradeimportform.php,38,4,2,2
grade/tests/edittreetest.php,116,4,2,2
group/import.php,80,4,2,2
group/members.php,116,4,2,2
lang/en/badges.php,85,2,1,1
lib/badgeslib.php,350,7,0,7
lib/behat/classes/util.php,727,14,14,0
lib/boxlib.php,380,5,4,1
lib/conditionlib.php,920,2,2,0
lib/coursecatlib.php,208,2,1,1
lib/db/caches.php,339,7,6,1
lib/db/events.php,49,2,1,1
/tinymce/plugins/dragmath/dragmath.php,236,6,6,0
lib/filestorage/storedfile.php,61,4,2,2
lib/form/searchableselector.php,67,5,3,2
lib/grade/tests/fixtures/lib.php,67,4,2,2
lib/grade/tests/gradeitemtest.php,180,26,21,5
lib/oauthlib.php,132,2,1,1
lib/pear/HTML/QuickForm/Rule/Range.php,753,3,3,0
lib/phpmailer/moodlephpmailer.php,5,2,1,1
lib/phpunit/tests/advancedtest.php,72,2,1,1
lib/testing/generator/datagenerator.php,166,4,2,2
lib/testing/generator/repositorygenerator.php,152,3,2,1
lib/tests/behat/behatdatagenerators.php,228,11,11,0
lib/tests/behat/behatgeneral.php,63,2,1,1
lib/tests/behat/behathooks.php,46,1,1,0
lib/tests/coursecatlibtest.php,237,4,2,2
lib/tests/eventslibtest.php,235,2,0,2
lib/tests/filtertest.php,65,3,3,0
lib/tests/formslibtest.php,125,8,3,5
lib/tests/html2texttest.php,275,8,1,7
lib/tests/rsslibtest.php,87,2,1,1
lib/tests/tablelibtest.php,158,4,3,1
lib/tests/textlibtest.php,181,5,3,2
lib/textlib.class.php,78,5,3,2
mod/assign/tests/locallibtest.php,194,5,3,2
mod/assignment/backup/moodle1/lib.php,238,4,3,1
mod/book/tool/importhtml/locallib.php,78,4,2,2
mod/chat/guiheaderjs/users.php,191,5,4,1
/restoredataactivitytask.class.php,149,25,20,5
mod/feedback/deletecompletedform.php,185,5,3,2
mod/feedback/item/textarea/lib.php,59,3,2,1
mod/feedback/item/textfield/lib.php,386,3,3,0
mod/forum/backup/moodle1/lib.php,753,2,1,1
mod/lesson/modform.php,4,2,1,1
mod/lti/OAuth.php,4,2,1,1
mod/lti/OAuthBody.php,192,1,1,0
mod/lti/grade.php,268,4,4,0
mod/lti/service.php,151,1,1,0
mod/lti/servicelib.php,257,1,1,0
mod/lti/tests/locallibtest.php,202,4,2,2
mod/lti/view.php,345,7,3,4
/backup/moodle2/restorequizstepslib.php,470,2,1,1
/report/grading/gradingsettingsform.php,29,8,8,0
/report/grading/lang/en/quizgrading.php,681,30,17,13
mod/quiz/report/responses/responsesoptions.php,692,30,17,13
/backupresourceactivitytask.class.php,495,6,2,4
mod/resource/lang/en/resource.php,505,191,106,85
mod/resource/tests/generator/lib.php,802,30,15,15
mod/resource/tests/generatortest.php,45,8,3,5
mod/scorm/report/graphs/graph.php,5,2,1,1
mod/survey/lang/en/survey.php,5,2,1,1
mod/url/lang/en/url.php,23,14,14,0
mod/url/modform.php,97,14,9,5
/backup/moodle2/restorewikistepslib.php,476,3,2,1
mod/wiki/createform.php,148,34,10,24
/lang/en/workshopallocationrandom.php,235,53,24,29
mod/workshop/eval/best/lib.php,132,2,1,1
mod/workshop/eval/best/tests/libtest.php,105,4,2,2
portfolio/boxnet/db/upgrade.php,1141,2,1,1
portfolio/boxnet/db/upgradelib.php,324,3,3,0
portfolio/boxnet/lang/en/portfolioboxnet.php,470,2,1,1
portfolio/boxnet/lib.php,380,2,1,1
portfolio/boxnet/version.php,4,2,1,1
portfolio/flickr/lib.php,4,2,1,1
/tests/blackboardformatpooltest.php,391,2,1,1
/tests/blackboardsixformatqtitest.php,391,2,1,1
question/type/random/lang/en/qtyperandom.php,197,11,2,9
repository/boxnet/cli/migrationv1.php,217,24,9,15
repository/boxnet/db/upgrade.php,138,18,8,10
repository/boxnet/db/upgradelib.php,195,4,4,0
repository/boxnet/locallib.php,279,3,2,1
repository/boxnet/migrationv1.php,17,2,1,1
repository/boxnet/tests/generator/lib.php,403,37,24,13
repository/boxnet/version.php,446,1,1,0
repository/recent/lang/en/repositoryrecent.php,17,15,7,8
/tests/behat/behatrepositoryupload.php,189,5,3,2
repository/url/lang/en/repositoryurl.php,235,9,4,5
repository/url/lib.php,121,1,1,0
theme/bootstrapbase/config.php,223,4,3,1
theme/bootstrapbase/layout/maintenance.php,162,24,19,5
theme/clean/layout/maintenance.php,400,15,12,3
webservice/amf/locallib.php,299,4,3,1
admin/tool/behat/cli/util.php,582,7,7,0
admin/webservice/serviceusersettings.php,222,2,1,1
auth/tests/behat/behatauth.php,264,1,1,0
backup/import.php,243,53,30,23
backup/moodle2/restorefinaltask.class.php,661,2,1,1
backup/util/ui/tests/behat/behatbackup.php,148,6,3,3
badges/badge.php,59,2,1,1
badges/mybadges.php,235,6,3,3
/tests/behat/behatblockcomments.php,16,2,1,1
blocks/privatefiles/edit.php,192,6,3,3
blocks/tests/behat/behatblocks.php,149,4,2,2
cache/stores/memcache/lib.php,184,9,4,5
cache/stores/memcached/lib.php,56,7,3,4
cache/stores/mongodb/lib.php,110,6,5,1
cohort/tests/behat/behatcohort.php,321,24,16,8
/criteria/completioncriteriaduration.php,199,10,7,3
course/format/lib.php,8,2,1,1
course/modlib.php,8,2,1,1
enrol/imsenterprise/importnow.php,161,2,1,1
enrol/imsenterprise/settings.php,83,2,1,1
enrol/manual/tests/externallibtest.php,728,9,5,4
enrol/tests/externallibtest.php,17,4,2,2
/backupgradingformguideplugin.class.php,64,2,1,1
/restoregradingformguideplugin.class.php,217,2,1,1
/tests/behat/behatgradingformrubric.php,125,2,1,1
grade/grading/tests/behat/behatgrading.php,168,2,1,1
grade/tests/behat/behatgrade.php,330,2,1,1
grade/tests/externallibtest.php,556,6,3,3
group/autogroup.php,5,2,1,1
group/delete.php,201,7,5,2
group/group.php,256,1,1,0
group/grouping.php,249,4,2,2
group/groupings.php,84,2,1,1
install/lang/dz/error.php,527,7,6,1
lang/en/block.php,404,45,22,23
lang/en/dbtransfer.php,83,2,1,1
lang/en/enrol.php,728,9,5,4
lib/ajax/blocks.php,17,4,2,2
lib/ajax/getnavbranch.php,249,2,1,1
lib/behat/behatfieldmanager.php,219,2,1,1
lib/behat/classes/behatcommand.php,264,2,1,1
lib/behat/classes/behatconfigmanager.php,366,2,1,1
lib/behat/classes/behatselectors.php,735,9,8,1
lib/behat/formfield/behatformcheckbox.php,531,3,1,2
/formfield/behatformdateselector.php,380,2,1,1
/behatformdatetimeselector.php,135,3,3,0
lib/behat/formfield/behatformeditor.php,83,8,6,2
lib/behat/formfield/behatformfield.php,33,16,16,0
lib/behat/formfield/behatformgroup.php,4,2,1,1
lib/behat/formfield/behatformmodvisible.php,4,2,1,1
lib/behat/formfield/behatformradio.php,407,12,10,2
lib/behat/formfield/behatformselect.php,380,12,6,6
lib/behat/formfield/behatformselectyesno.php,34,9,5,4
lib/behat/formfield/behatformtext.php,1157,4,4,0
lib/behat/formfield/behatformtextarea.php,28,16,16,0
lib/customcheckslib.php,4,2,1,1
lib/dml/sqlite3pdomoodledatabase.php,4,2,1,1
lib/google/curlio.php,207,14,14,0
lib/phpunit/classes/hintresultprinter.php,98,42,42,0
lib/testing/lib.php,93,44,30,14
lib/tests/accesslibtest.php,387,21,21,0
lib/tests/behat/behatforms.php,272,1,1,0
lib/tests/behat/behatpermissions.php,31,3,3,0
lib/tests/messagelibtest.php,329,2,1,1
lib/tests/upgradelibtest.php,6,2,1,1
mod/assign/feedback/comments/locallib.php,6,2,1,1
mod/assign/tests/externallibtest.php,320,2,1,1
mod/choice/report.php,273,1,1,0
mod/feedback/analysis.php,218,2,1,1
mod/feedback/deletecompleted.php,269,22,13,9
mod/feedback/deleteitem.php,458,94,36,58
mod/feedback/edit.php,367,2,1,1
mod/feedback/edititem.php,151,2,1,1
mod/feedback/index.php,1161,1,1,0
mod/feedback/item/captcha/lib.php,51,2,2,0
mod/feedback/print.php,52,2,2,0
mod/feedback/usetempl.php,218,49,21,28
mod/feedback/view.php,17,4,2,2
mod/forum/renderer.php,249,2,1,1
mod/forum/tests/externallibtest.php,219,2,1,1
mod/forum/unsubscribeall.php,264,2,1,1
mod/glossary/deleteentry.php,366,2,1,1
mod/glossary/edit.php,735,9,8,1
mod/glossary/editcategories.php,531,3,1,2
mod/glossary/export.php,380,2,1,1
mod/glossary/exportentry.php,135,3,3,0
mod/glossary/import.php,83,8,6,2
mod/imscp/backup/moodle1/lib.php,33,16,16,0
mod/lesson/essay.php,4,2,1,1
mod/quiz/overrideform.php,4,2,1,1
mod/quiz/report/statistics/qstats.php,407,12,10,2
/report/statistics/tests/statisticstest.php,380,12,6,6
mod/quiz/startattempt.php,34,9,5,4
mod/quiz/tests/behat/behatmodquiz.php,1157,4,4,0
mod/quiz/tests/editlibtest.php,28,16,16,0
mod/quiz/tests/quizdisplayoptionstest.php,4,2,1,1
mod/wiki/comments.php,4,2,1,1
mod/wiki/diff.php,207,14,14,0
mod/wiki/edit.php,98,42,42,0
mod/wiki/editform.php,93,44,30,14
mod/wiki/editcomments.php,387,21,21,0
mod/wiki/files.php,272,1,1,0
mod/wiki/filesedit.php,31,3,3,0
mod/wiki/history.php,329,2,1,1
mod/wiki/lock.php,6,2,1,1
mod/wiki/map.php,6,2,1,1
mod/wiki/overridelocks.php,320,2,1,1
mod/wiki/prettyview.php,273,1,1,0
mod/wiki/search.php,218,2,1,1
mod/wiki/viewversion.php,269,22,13,9
/behat/behatworkshopallocationmanual.php,458,94,36,58
mod/workshop/tests/behat/behatmodworkshop.php,367,2,1,1
/googledocs/lang/en/portfoliogoogledocs.php,151,2,1,1
portfolio/picasa/lang/en/portfoliopicasa.php,1161,1,1,0
/manualgraded/tests/walkthroughtest.php,51,2,2,0
question/engine/tests/helpers.php,52,2,2,0
talibtest.phpqubaidconditiontest.php,218,49,21,28
/tests/questionenginedatamappertest.php,98,42,42,0
/tests/questionusageautosavetest.php,93,44,30,14
question/format/xml/tests/xmlformattest.php,387,21,21,0
question/type/essay/db/upgradelib.php,272,1,1,0
question/type/essay/tests/helper.php,31,3,3,0
/type/essay/tests/upgradelibnewqetest.php,329,2,1,1
/type/randomsamatch/backup/moodle1/lib.php,6,2,1,1
/backupqtyperandomsamatchplugin.class.php,6,2,1,1
restoreqtyperandomsamatchplugin.class.php,320,2,1,1
question/type/randomsamatch/db/upgrade.php,273,1,1,0
question/type/randomsamatch/db/upgradelib.php,218,2,1,1
/randomsamatch/editrandomsamatchform.php,269,22,13,9
/lang/en/qtyperandomsamatch.php,458,94,36,58
question/type/randomsamatch/lib.php,367,2,1,1
question/type/randomsamatch/question.php,151,2,1,1
question/type/randomsamatch/questiontype.php,1161,1,1,0
question/type/randomsamatch/renderer.php,51,2,2,0
question/type/randomsamatch/tests/helper.php,52,2,2,0
/type/randomsamatch/tests/questiontest.php,218,49,21,28
/tests/upgradelibnewqetest.php,51,2,2,0
/randomsamatch/tests/walkthroughtest.php,52,2,2,0
question/type/randomsamatch/version.php,218,49,21,28
report/loglive/index.php,472,2,1,1
report/loglive/lang/en/reportloglive.php,291,6,2,4
repository/alfresco/db/upgrade.php,4,4,2,2
repository/alfresco/db/upgradelib.php,4,4,2,2
/alfresco/lang/en/repositoryalfresco.php,5,2,1,1
repository/alfresco/lib.php,322,2,1,1
repository/alfresco/version.php,5,2,1,1
/lang/en/repositorygoogledocs.php,205,2,1,1
repository/picasa/lang/en/repositorypicasa.php,212,18,12,6
repository/tests/behat/behatfilepicker.php,77,3,2,1
repository/tests/repositorytest.php,84,3,2,1
theme/bootstrapbase/renderers/corerenderer.php,933,3,3,0
theme/clean/config.php,48,3,2,1
admin/category.php,175,3,2,1
admin/roles/manage.php,72,3,2,1
admin/tool/behat/index.php,47,3,2,1
badges/award.php,250,1,1,0
blocks/courseoverview/renderer.php,26,11,0,11
grade/tests/querylibtest.php,79,6,6,0
group/autogroupform.php,123,14,14,0
lib/tests/csslibtest.php,536,1,1,0
mod/assign/submission/onlinetext/locallib.php,213,2,1,1
mod/assign/version.php,761,7,6,1
mod/forum/db/upgrade.php,4,6,3,3
mod/forum/modform.php,4,6,3,3
mod/glossary/index.php,556,19,14,5
mod/lesson/pagetypes/multichoice.php,33,3,2,1
mod/lti/settings.php,417,117,117,0
mod/quiz/accessmanager.php,53,1,1,0
mod/quiz/accessrule/accessrulebase.php,417,25,15,10
mod/quiz/report/attemptsreportoptions.php,36,4,2,2
mod/quiz/report/overview/overviewoptions.php,417,2,1,1
/type/calculated/editcalculatedform.php,238,2,1,1
question/type/calculated/question.php,637,4,2,2
/tests/formulavalidationtest.php,410,3,2,1
/editcalculatedmultiform.php,318,2,1,1
question/type/calculatedmulti/questiontype.php,367,12,6,6
question/type/calculatedsimple/questiontype.php,269,24,11,13
repository/coursefiles/lib.php,117,48,34,14
repository/equella/callback.php,128,8,3,5
repository/equella/lib.php,190,2,1,1
repository/recent/lib.php,300,2,1,1
repository/user/lib.php,318,4,2,2
user/profile/field/menu/field.class.php,106,9,3,6
user/tests/profilelibtest.php,106,9,3,6
badges/criteria/awardcriteriamanual.php,40,1,1,0
iplookup/index.php,105,8,5,3
lib/phpunit/bootstrap.php,120,4,3,1
mod/forum/settracking.php,182,28,16,12
mod/lti/instructoredittooltype.php,240,4,2,2
mod/lti/launch.php,218,2,1,1
mod/lti/requesttool.php,111,2,1,1
mod/lti/return.php,108,2,1,1
tag/tagautocomplete.php,112,2,1,1
admin/settings/appearance.php,116,2,1,1
auth/ldap/tests/plugintest.php,229,2,1,1
badges/tests/badgeslibtest.php,37,2,1,1
blocks/sitemainmenu/blocksitemainmenu.php,167,12,12,0
/blocksocialactivities.php,237,71,62,9
files/tests/externallibtest.php,201,31,23,8
grade/tests/edittreelibtest.php,46,2,1,1
group/tests/libtest.php,115,4,2,2
install/lang/dz/install.php,2188,2,1,1
lib/behat/behatbase.php,472,6,6,0
lib/classes/event/blogentrycreated.php,108,2,1,1
lib/classes/event/blogentrydeleted.php,801,4,2,2
lib/classes/event/blogentryupdated.php,121,3,2,1
lib/classes/event/coursecategorydeleted.php,309,1,1,0
lib/classes/event/coursemodulecreated.php,337,6,2,4
lib/classes/event/coursemoduleupdated.php,460,2,1,1
lib/classes/event/groupingcreated.php,77,2,1,1
lib/classes/event/groupingupdated.php,801,11,6,5
lib/classes/pluginmanager.php,106,24,23,1
lib/classes/update/deployer.php,379,12,8,4
lib/filestorage/tgzextractor.php,5,2,1,1
lib/pdflib.php,81,30,18,12
lib/tests/completionlibtest.php,305,2,1,1
lib/tests/customcontexttest.php,166,6,3,3
login/signupform.php,485,22,22,0
/editpdf/classes/documentservices.php,296,75,0,75
mod/assign/feedback/editpdf/classes/pdf.php,5,2,1,1
mod/book/tests/eventstest.php,5,2,1,1
mod/choice/tests/eventstest.php,254,2,1,1
mod/data/tests/libtest.php,85,1,0,1
mod/feedback/tests/eventstest.php,91,13,13,0
mod/forum/classes/postform.php,4,2,1,1
mod/forum/maildigest.php,4,2,1,1
mod/forum/tests/libtest.php,563,6,3,3
mod/lesson/import.php,1284,4,2,2
/event/unknownserviceapicalled.php,153,4,2,2
mod/page/view.php,309,6,3,3
/tests/statsfromstepswalkthroughtest.php,461,2,1,1
/classes/statistics/questions/calculated.php,190,18,9,9
/classes/statistics/questions/calculator.php,71,2,1,1
/editcalculatedsimpleform.php,177,6,3,3
/skydrive/lang/en/repositoryskydrive.php,136,18,9,9
repository/tests/repositorylibtest.php,838,8,4,4
admin/settings/development.php,157,10,5,5
admin/tool/behat/renderer.php,2186,2,1,1
auth/db/tests/dbtest.php,177,14,7,7
backup/controller/tests/controllertest.php,219,22,11,11
backup/restore.php,560,10,5,5
blocks/mentees/blockmentees.php,504,6,3,3
blocks/navigation/blocknavigation.php,962,4,2,2
blocks/newsitems/version.php,180,22,16,6
blocks/tagflickr/blocktagflickr.php,804,8,6,2
blog/externalblogedit.php,625,10,6,4
blog/preferences.php,783,51,15,36
calendar/managesubscriptions.php,108,37,0,37
course/classes/editcategoryform.php,46,4,2,2
course/completion.php,92,14,14,0
course/recent.php,122,10,7,3
enrol/database/tests/synctest.php,4,2,1,1
grade/grading/form/guide/renderer.php,4,2,1,1
grade/grading/form/rubric/rubriceditor.php,103,11,5,6
grade/import/xml/gradeimportform.php,173,119,99,20
grade/import/xml/index.php,103,26,23,3
grade/report/grader/index.php,104,19,13,6
group/assign.php,80,36,32,4
install/lang/enus/admin.php,293,47,27,20
install/lang/kl/moodle.php,20,7,5,2
install/lang/mnmong/langconfig.php,124,12,12,0
lang/en/countries.php,291,83,83,0
lib/ajax/ajaxlib.php,349,116,116,0
lib/behat/behatfiles.php,131,64,64,0
lib/behat/classes/behatcontexthelper.php,4,2,1,1
lib/behat/formfield/behatformfilemanager.php,4,2,1,1
lib/classes/event/assessablesubmitted.php,610,16,15,1
lib/classes/event/assessableuploaded.php,622,21,21,0
lib/classes/event/cohortcreated.php,107,26,26,0
lib/classes/event/cohortdeleted.php,666,153,152,1
lib/classes/event/cohortmemberadded.php,127,35,35,0
lib/classes/event/cohortmemberremoved.php,356,4,4,0
lib/classes/event/cohortupdated.php,1293,1,1,0
lib/classes/event/contentviewed.php,1296,3,3,0
lib/classes/event/coursecompleted.php,102,14,14,0
lib/classes/event/coursecompletionupdated.php,22,13,12,1
lib/classes/event/coursecontentdeleted.php,4,2,1,1
lib/classes/event/coursecreated.php,4,2,1,1
lib/classes/event/coursedeleted.php,123,7,4,3
lib/classes/event/coursemoduledeleted.php,139,26,26,0
lib/classes/event/courseresetended.php,300,76,76,0
lib/classes/event/courseresetstarted.php,339,79,78,1
lib/classes/event/courserestored.php,220,58,58,0
lib/classes/event/coursesectionupdated.php,173,99,98,1
lib/classes/event/courseupdated.php,69,53,47,6
lib/classes/event/groupcreated.php,69,54,48,6
lib/classes/event/groupdeleted.php,69,54,48,6
lib/classes/event/groupmemberadded.php,181,30,24,6
lib/classes/event/groupmemberremoved.php,57,18,1,17
lib/classes/event/groupupdated.php,57,18,1,17
lib/classes/event/groupingdeleted.php,57,18,1,17
lib/classes/event/manager.php,31,26,24,2
lib/classes/event/notecreated.php,120,44,44,0
lib/classes/event/notedeleted.php,259,125,125,0
lib/classes/event/noteupdated.php,478,88,88,0
lib/classes/event/notesviewed.php,250,67,67,0
lib/classes/event/roleallowassignupdated.php,279,96,96,0
lib/classes/event/roleallowswitchupdated.php,442,148,148,0
lib/classes/event/roleassigned.php,207,68,68,0
lib/classes/event/rolecapabilitiesupdated.php,188,56,56,0
lib/classes/event/roledeleted.php,390,45,44,1
lib/classes/event/roleunassigned.php,155,57,56,1
lib/classes/event/usercreated.php,29,23,21,2
lib/classes/event/userdeleted.php,106,53,48,5
lib/classes/event/userenrolmentcreated.php,180,55,50,5
lib/classes/event/userenrolmentdeleted.php,180,55,50,5
lib/classes/event/userenrolmentupdated.php,61,34,33,1
lib/classes/event/userlistviewed.php,137,49,49,0
lib/classes/event/userloggedin.php,143,51,50,1
lib/classes/event/userloggedinas.php,66,34,30,4
lib/classes/event/userloggedout.php,172,84,83,1
lib/classes/event/userprofileviewed.php,135,35,34,1
lib/classes/event/userupdated.php,72,32,32,0
lib/classes/event/webserviceloginfailed.php,89,40,35,5
lib/classes/event/webservicetokencreated.php,90,42,41,1
lib/classes/event/webservicetokensent.php,72,12,6,6
lib/classes/plugininfo/plagiarism.php,90,10,5,5
lib/classes/plugininfo/qbehaviour.php,89,2,1,1
lib/classes/plugininfo/qtype.php,172,8,4,4
lib/ddl/tests/ddltest.php,622,7,3,4
lib/dml/mariadbnativemoodledatabase.php,157,42,42,0
lib/editor/tinymce/version.php,29,27,24,3
lib/filestorage/ziparchive.php,5,2,1,1
lib/phpunit/classes/advancedtestcase.php,132,54,54,0
lib/testing/classes/util.php,132,54,54,0
lib/tests/admintreetest.php,179,73,72,1
lib/tests/ajaxlibtest.php,151,66,65,1
lib/tests/behat/behatnavigation.php,154,5,4,1
lib/tests/blocklibtest.php,214,68,66,2
lib/tests/filelibtest.php,202,20,4,16
lib/tests/portfoliolibtest.php,1296,6,3,3
mod/assign/assignmentplugin.php,170,2,1,1
./event/allsubmissionsdownloaded.php,176,2,1,1
./classes/event/assessablesubmitted.php,2198,19,9,10
mod/assign/classes/event/extensiongranted.php,453,2,1,1
./classes/event/identitiesrevealed.php,234,4,2,2
mod/assign/classes/event/markerupdated.php,103,2,1,1
mod/assign/classes/event/statementaccepted.php,563,2,1,1
./classes/event/submissionduplicated.php,590,4,2,2
mod/assign/classes/event/submissiongraded.php,503,3,1,2
mod/assign/classes/event/submissionlocked.php,962,4,2,2
./classes/event/submissionstatusupdated.php,1462,24,17,7
./classes/event/submissionunlocked.php,1604,194,194,0
mod/assign/classes/event/submissionupdated.php,158,2,1,1
./classes/event/workflowstateupdated.php,170,74,73,1
mod/assign/feedback/editpdf/locallib.php,429,94,94,0
./behat/behatassignfeedbackeditpdf.php,305,2,1,1
mod/assign/feedback/offline/locallib.php,1455,9,4,5
mod/assign/quickgradingform.php,750,6,3,3
./file/classes/event/assessableuploaded.php,328,164,153,11
./classes/event/assessableuploaded.php,490,239,209,30
mod/book/classes/event/chaptercreated.php,302,90,85,5
mod/book/classes/event/chapterdeleted.php,301,80,50,30
mod/book/classes/event/chapterupdated.php,337,68,67,1
mod/book/classes/event/chapterviewed.php,292,74,68,6
mod/book/classes/event/coursemoduleviewed.php,305,26,26,0
./classes/event/instanceslistviewed.php,357,118,110,8
./exportimscp/classes/event/bookexported.php,,0,0,0
./tool/print/classes/event/bookprinted.php,30,4,2,2
./print/classes/event/chapterprinted.php,181,103,103,0
mod/chat/classes/event/messagesent.php,610,17,10,7
mod/chat/classes/event/sessionsviewed.php,176,1,0,1
mod/choice/classes/event/answersubmitted.php,77,10,9,1
mod/choice/classes/event/answerupdated.php,2355,1,1,0
./classes/event/coursemoduleviewed.php,65,3,3,0
mod/choice/classes/event/reportviewed.php,67,1,1,0
mod/data/tests/behat/behatmoddata.php,73,1,1,0
mod/feedback/classes/event/responsedeleted.php,65,1,1,0
./classes/event/responsesubmitted.php,66,1,1,0
mod/feedback/item/info/lib.php,73,1,1,0
mod/forum/classes/event/assessableuploaded.php,232,5,3,2
mod/glossary/sql.php,233,1,1,0
mod/lesson/continue.php,5,2,1,1
mod/lesson/lang/en/lesson.php,1322,2,1,1
./event/unknownserviceapicalled.php,235,16,8,8
mod/lti/modform.php,2200,2,1,1
mod/page/classes/event/coursemoduleviewed.php,20,2,1,1
./adminreviewsetting.php,221,4,4,0
./classes/adminsettingbrowsersecurity.php,237,2,2,0
mod/quiz/classes/adminsettinggrademethod.php,143,28,27,1
./classes/adminsettingoverduehandling.php,5,2,1,1
mod/quiz/classes/adminsettinguserimage.php,5,2,1,1
mod/quiz/classes/event/attemptabandoned.php,70,2,1,1
./classes/event/attemptbecameoverdue.php,579,4,2,2
mod/quiz/classes/event/attemptstarted.php,841,16,8,8
mod/quiz/classes/event/attemptsubmitted.php,590,2,1,1
mod/quiz/settings.php,962,2,1,1
./backup/moodle2/restorescormstepslib.php,87,3,1,2
./backup/moodle2/backupwikistepslib.php,237,12,6,6
./backup/moodle2/restorewikistepslib.php,1359,2,1,1
my/indexsys.php,310,2,1,1
./statistics/responses/analysisforclass.php,4,2,1,1
report/completion/index.php,4,2,1,1
report/log/classes/event/contentviewed.php,183,10,6,4
report/loglive/classes/event/contentviewed.php,183,10,6,4
report/outline/classes/event/contentviewed.php,109,9,6,3
./classes/event/contentviewed.php,349,2,1,1
report/performance/locallib.php,7,2,1,1
report/stats/classes/event/contentviewed.php,7,2,1,1
./alfresco/lang/en/repositoryalfresco.php,256,28,28,0
./tests/behat/behatrepositoryupload.php,1369,8,4,4
repository/wikimedia/lib.php,44,2,1,1
theme/base/config.php,209,2,1,1
theme/brick/config.php,19,8,4,4
theme/font.php,579,2,1,1
user/managetoken.php,841,6,3,3
user/portfolio.php,173,2,1,1
user/portfoliologs.php,235,2,1,1
user/profile/index.php,2202,2,1,1
user/profile/indexcategoryform.php,456,8,5,3
user/profilesys.php,471,4,2,2
admin/cli/mysqlcompressedrows.php,123,4,2,2
admin/environment.php,377,10,5,5
/potentialassigneesbelowcourse.php,262,6,3,3
/installaddon/lang/en/toolinstalladdon.php,560,2,1,1
admin/tool/timezoneimport/index.php,503,8,4,4
admin/tool/uploadcourse/tests/coursetest.php,423,2,1,1
/tool/uploadcourse/tests/processortest.php,186,10,7,3
admin/user/lib.php,4,2,1,1
auth/ldap/lang/en/authldap.php,4,2,1,1
blocks/badges/blockbadges.php,4,2,1,1
blocks/courseoverview/locallib.php,4,2,1,1
/glossaryrandom/blockglossaryrandom.php,4,2,1,1
cache/stores/memcache/tests/memcachetest.php,4,2,1,1
cache/tests/fixtures/stores.php,88,7,4,3
course/classes/managementrenderer.php,518,6,5,1
course/format/singleactivity/lib.php,93,4,3,1
files/externallib.php,98,16,12,4
grade/edit/settings/form.php,105,15,12,3
grade/import/xml/import.php,5,2,1,1
grade/import/xml/lang/en/gradeimportxml.php,78,27,15,12
grade/tests/reportgraderlibtest.php,585,47,1,46
lang/en/rating.php,363,4,2,2
lib/classes/component.php,97,17,4,13
lib/componentlib.class.php,759,14,14,0
lib/grade/gradeobject.php,308,20,20,0
lib/grade/tests/gradegradetest.php,224,2,1,1
lib/grade/tests/gradeobjecttest.php,597,5,5,0
lib/testing/tests/generatortest.php,859,48,35,13
lib/tests/cronlibtest.php,4,2,1,1
lib/tests/eventtest.php,4,2,1,1
lib/tests/externallibtest.php,117,7,6,1
lib/tests/ldaplibtest.php,2207,2,1,1
lib/tests/other/pdflibtestpage.php,142,10,7,3
lib/tests/questionlibtest.php,66,3,2,1
lib/tests/setuplibtest.php,2220,1,0,1
lib/tests/updatedeployertest.php,377,24,24,0
/feedback/editpdf/classes/pageeditor.php,66,6,6,0
/feedback/editpdf/tests/editpdftest.php,150,201,128,73
mod/assign/modform.php,116,48,41,7
mod/forum/externallib.php,53,23,17,6
/restorelessonactivitytask.class.php,199,5,5,0
mod/quiz/tests/generator/lib.php,353,42,42,0
mod/scorm/index.php,2212,1,1,0
mod/scorm/report.php,2495,27,27,0
mod/workshop/tests/fixtures/testable.php,5,2,1,1
mod/workshop/tests/generator/lib.php,4,4,2,2
mod/workshop/tests/generatortest.php,4,4,2,2
mod/workshop/tests/locallibtest.php,618,1,1,0
mod/workshop/version.php,489,3,1,2
question/addquestion.php,100,7,3,4
t.phpdatalibreportingqueriestest.php,174,2,1,1
question/engine/tests/datalibtest.php,101,3,2,1
question/format/gift/tests/giftformattest.php,1391,16,8,8
question/question.php,105,12,6,6
report/stats/graph.php,353,24,12,12
repository/skydrive/microsoftliveapi.php,520,2,1,1
theme/bootstrapbase/layout/columns1.php,50,8,4,4
theme/bootstrapbase/layout/columns2.php,256,4,2,2
theme/bootstrapbase/layout/columns3.php,2197,2,1,1
theme/bootstrapbase/layout/popup.php,591,2,1,1
theme/bootstrapbase/layout/secure.php,146,12,6,6
theme/clean/layout/columns1.php,125,2,2,0
theme/clean/layout/columns2.php,377,2,1,1
theme/clean/layout/columns3.php,625,2,1,1
theme/clean/layout/secure.php,565,2,1,1
theme/clean/lib.php,965,6,3,3
filter/urltolink/tests/filtertest.php,416,9,8,1
install/lang/fico/langconfig.php,387,2,1,1
mdeploy.php,472,4,2,2
/statistics/statisticsquestiontable.php,259,2,1,1
tag/user.php,124,2,1,1
admin/tool/monitor/classes/eventobservers.php,898,7,3,4
admin/tool/monitor/classes/rulemanager.php,5,2,1,1
admin/tool/monitor/lang/en/toolmonitor.php,31,1,1,0
admin/tool/monitor/managerules.php,43,6,2,4
/tool/monitor/tests/eventobserverstest.php,514,4,2,2
install/lang/kab/langconfig.php,89,11,9,2
install/lang/mg/langconfig.php,544,5,3,2
install/lang/mis/langconfig.php,57,2,1,1
install/lang/ne/install.php,567,2,2,0
install/lang/ne/moodle.php,341,18,13,5
lib/ajax/service.php,126,34,17,17
question/type/essay/question.php,544,12,6,6
admin/settings/server.php,580,26,13,13
lib/tests/weblibtest.php,258,2,1,1
message/output/email/settings.php,649,6,3,3
mod/assign/view.php,528,12,6,6
repository/dropbox/classes/legacy.php,967,4,2,2
admin/cli/resetpassword.php,693,18,11,7
/behat/behattoollpdatagenerators.php,144,4,4,0
admin/tool/monitor/classes/eventlist.php,118,1,1,0
admin/tool/profiling/settings.php,943,6,1,5
admin/tool/recyclebin/lib.php,1393,37,19,18
/tool/recyclebin/tests/categorybintest.php,543,3,1,2
/dbops/restorecontrollerdbops.class.php,581,4,2,2
backup/util/ui/restoreui.class.php,70,2,1,1
badges/criteria/awardcriteriacourse.php,258,4,2,2
completion/dataobject.php,239,2,1,1
completion/tests/behat/behatcompletion.php,2187,34,11,23
course/classes/search/mycourse.php,38,2,1,1
course/tests/searchtest.php,234,4,2,2
enrol/lti/tool.php,119,2,1,1
enrol/self/db/access.php,592,32,16,16
enrol/self/db/upgrade.php,262,2,1,1
enrol/self/version.php,650,14,7,7
filter/mathjaxloader/filter.php,567,4,2,2
filter/mediaplugin/tests/filtertest.php,521,18,5,13
grade/grading/form/rubric/edit.php,967,18,9,9
/form/rubric/lang/en/gradingformrubric.php,99,4,2,2
install/lang/fa/error.php,478,2,1,1
lib/adodb/drivers/adodboci8po.inc.php,849,4,2,2
lib/classes/plugininfo/filter.php,951,15,15,0
lib/classes/progress/display.php,157,22,20,2
lib/classes/requirejs.php,219,2,1,1
lib/classes/session/manager.php,4,2,1,1
lib/classes/task/statscrontask.php,4,2,1,1
lib/db/tasks.php,5,2,1,1
lib/filebrowser/fileinfocontextsystem.php,5,2,1,1
lib/form/modgrade.php,1396,2,1,1
lib/javascript.php,2191,4,2,2
lib/medialib.php,119,27,25,2
lib/requirejs.php,109,13,11,2
lib/sessionlib.php,75,13,10,3
lib/tests/componenttest.php,135,2,1,1
lib/tests/htmlpurifiertest.php,236,18,9,9
lib/tests/progressdisplaytest.php,1396,14,7,7
lib/tests/requirejstest.php,128,4,2,2
lib/tests/sessionlibtest.php,357,2,1,1
lib/tests/statslibtest.php,534,4,2,2
lib/tests/unoconvtest.php,207,2,1,1
lib/xhprof/xhprofmoodle.php,259,2,1,1
mod/assign/db/services.php,2190,27,13,14
mod/assign/renderable.php,17,2,1,1
mod/assign/submissionform.php,601,6,5,1
mod/chat/locallib.php,973,2,1,1
mod/chat/tests/formatmessagetest.php,598,1,0,1
mod/feedback/classes/responsestable.php,850,2,1,1
mod/feedback/tests/libtest.php,159,79,13,66
mod/forum/classes/output/email/renderer.php,514,3,2,1
mod/glossary/classes/search/entry.php,456,7,3,4
/backup/moodle2/restorelessonstepslib.php,189,37,37,0
mod/lesson/pagetypes/numerical.php,5,2,1,1
mod/lti/externalregistrationreturn.php,455,115,90,25
/classes/local/resource/toolproxy.php,139,20,13,7
mod/lti/tests/externallibtest.php,139,2,1,1
mod/lti/tests/fixtures/toolprovider.php,219,5,3,2
mod/lti/tests/generator/lib.php,324,2,1,1
mod/quiz/editrest.php,154,3,3,0
/statistics/lang/en/quizstatistics.php,70,2,1,1
mod/quiz/report/statistics/report.php,333,4,2,2
mod/survey/classes/search/activity.php,54,4,2,2
mod/survey/report.php,105,2,1,1
mod/wiki/tests/externallibtest.php,109,2,1,1
/form/accumulative/assessmentform.php,709,1,1,0
/lang/en/workshopformaccumulative.php,1414,16,8,8
mod/workshop/form/comments/assessmentform.php,148,2,1,1
/comments/lang/en/workshopformcomments.php,44,2,1,1
mod/workshop/form/numerrors/assessmentform.php,534,2,1,1
/lang/en/workshopformnumerrors.php,207,2,1,1
mod/workshop/modform.php,66,6,3,3
report/eventlist/classes/listgenerator.php,2217,8,4,4
report/log/classes/renderable.php,473,4,2,2
report/log/classes/tablelog.php,105,2,1,1
report/security/lang/en/reportsecurity.php,603,4,3,1
search/classes/area/baseactivity.php,709,6,3,3
search/classes/document.php,137,5,2,3
search/classes/manager.php,161,8,3,5
search/index.php,1415,2,1,1
search/tests/documenttest.php,151,26,13,13
search/tests/fixtures/mocksearcharea.php,731,4,2,2
search/tests/fixtures/mocksearchengine.php,851,2,1,1
search/tests/fixtures/testablecoresearch.php,851,2,1,1
search/tests/generator/lib.php,4,2,1,1
search/tests/managertest.php,4,2,1,1
user/editor.php,407,2,2,0
user/editorform.php,1972,2,1,1
admin/editors.php,54,2,2,0
admin/registration/forms.php,365,2,1,1
admin/tool/mobile/classes/api.php,71,2,1,1
admin/tool/mobile/db/caches.php,19,2,1,1
admin/tool/mobile/lang/en/toolmobile.php,2762,2,1,1
badges/backpackemailverify.php,47,2,1,1
badges/mybackpack.php,70,2,1,1
/activityresults/blockactivityresults.php,243,4,2,2
blocks/community/renderer.php,52,2,1,1
/courseoverview/blockcourseoverview.php,610,1,1,0
cache/stores/memcached/tests/memcachedtest.php,21,2,1,1
calendar/classes/rrulemanager.php,739,6,3,3
calendar/tests/rrulemanagertest.php,714,4,3,1
calendar/tests/rrulemanagertests.php,1280,4,3,1
competency/classes/competency.php,86,2,1,1
enrol/tests/enrollibtest.php,218,2,1,1
filter/mathjaxloader/db/upgradelib.php,398,2,1,1
filter/mathjaxloader/settings.php,31,2,1,1
filter/mathjaxloader/tests/upgradelibtest.php,119,2,1,1
filter/mathjaxloader/version.php,1415,2,1,1
install/lang/esco/install.php,69,4,2,2
install/lang/esco/langconfig.php,582,2,1,1
install/lang/fo/admin.php,852,2,1,1
lang/en/blog.php,151,7,2,5
lib/classes/text.php,106,2,1,1
lib/ddl/sqlgenerator.php,741,6,3,3
mod/assign/tests/libtest.php,979,4,2,2
mod/chat/classes/external.php,407,2,1,1
mod/feedback/classes/completion.php,473,1,1,0
mod/feedback/tests/behat/behatmodfeedback.php,180,4,2,2
mod/feedback/version.php,185,4,2,2
mod/label/lang/en/label.php,231,6,4,2
mod/lesson/pagetypes/branchtable.php,137,2,1,1
mod/quiz/tests/externaltest.php,129,2,2,0
mod/workshop/allocation/random/lib.php,194,2,1,1
user/tests/userlibtest.php,455,2,1,1
install/lang/bi/langconfig.php,166,2,1,1
install/lang/mi/langconfig.php,194,24,12,12
install/lang/svfi/install.php,160,4,2,2
enrol/paypal/lang/en/enrolpaypal.php,160,4,2,2
install/lang/an/admin.php,378,39,36,3
install/lang/an/error.php,345,2,1,1
install/lang/an/install.php,320,2,1,1
install/lang/an/moodle.php,356,35,24,11
install/lang/tg/moodle.php,183,4,2,2
install/lang/uglt/langconfig.php,144,2,1,1
install/lang/ugug/admin.php,346,2,1,1
install/lang/ugug/langconfig.php,313,6,3,3
lib/recaptchalibv2.php,187,16,8,8
admin/tool/behat/cli/utilsinglerun.php,160,6,3,3
admin/tool/lp/classes/form/competency.php,153,6,3,3
/lp/classes/form/competencyframework.php,158,4,2,2
admin/tool/lp/classes/form/persistent.php,133,2,1,1
admin/tool/lp/classes/form/plan.php,150,2,1,1
admin/tool/lp/classes/form/template.php,256,2,1,1
admin/tool/lp/classes/form/userevidence.php,122,2,1,1
admin/tool/monitor/classes/subscription.php,124,2,1,1
/monitor/classes/subscriptionmanager.php,406,2,1,1
admin/tool/monitor/db/upgrade.php,150,14,7,7
admin/tool/monitor/index.php,378,6,3,3
admin/tool/monitor/lib.php,378,2,1,1
admin/tool/monitor/version.php,183,4,2,2
/templatelibrary/tests/externallibtest.php,333,2,1,1
admin/tool/usertours/tests/managertest.php,320,4,2,2
auth/email/classes/external.php,187,16,8,8
badges/preferences.php,160,8,4,4
blocks/activityresults/editform.php,153,4,2,2
competency/classes/competencyframework.php,158,6,3,3
competency/classes/plan.php,133,2,1,1
competency/classes/template.php,150,2,1,1
competency/classes/userevidence.php,121,2,1,1
enrol/lti/classes/helper.php,256,2,1,1
enrol/lti/classes/managetable.php,397,2,1,1
enrol/lti/index.php,380,7,4,3
enrol/lti/lang/en/enrollti.php,343,1,1,0
enrol/lti/tests/helpertest.php,313,1,1,0
enrol/lti/version.php,164,2,1,1
filter/mediaplugin/filter.php,157,2,1,1
install/lang/ee/langconfig.php,162,2,1,1
install/lang/enusk12/langconfig.php,149,1,1,0
install/lang/esmxkids/langconfig.php,208,2,1,1
install/lang/haw/langconfig.php,151,2,1,1
lib/behat/classes/behatconfigutil.php,109,1,1,0
lib/behat/classes/exactnamedselector.php,256,2,1,1
lib/classes/event/usergraded.php,406,1,1,0
lib/classes/files/curlsecurityhelper.php,342,2,1,1
lib/classes/notification.php,320,48,32,16
lib/classes/task/manager.php,335,2,2,0
lib/classes/user.php,136,9,7,2
/tinymce/plugins/moodlemedia/preview.php,162,2,1,1
lib/form/button.php,339,2,1,1
lib/tests/medialibtest.php,339,2,1,1
media/classes/manager.php,137,6,5,1
media/player/videojs/classes/plugin.php,159,3,1,2
message/output/popup/tests/externallibtest.php,443,3,2,1
message/output/popup/version.php,144,2,1,1
message/tests/apitest.php,147,2,1,1
message/tests/externallibtest.php,337,6,3,3
message/tests/messagelibtest.php,145,12,6,6
mod/assign/classes/output/gradingapp.php,345,4,3,1
mod/assign/feedback/editpdf/db/upgrade.php,218,2,1,1
/editpdf/lang/en/assignfeedbackeditpdf.php,398,2,1,1
mod/assign/feedback/editpdf/version.php,31,2,1,1
mod/assign/feedback/file/locallib.php,119,2,1,1
mod/feedback/item/label/lib.php,1415,2,1,1
/backup/moodle2/restoreforumstepslib.php,69,4,2,2
mod/forum/classes/output/bigsearchform.php,582,2,1,1
mod/forum/search.php,852,2,1,1
mod/glossary/tests/externaltest.php,151,7,2,5
mod/quiz/report/overview/tests/reporttest.php,106,2,1,1
mod/resource/tests/libtest.php,741,6,3,3
mod/scorm/datamodels/scorm12.php,979,4,2,2
my/lib.php,407,2,1,1
question/engine/tests/walkthroughtest.php,473,1,1,0
question/type/gapselect/questionbase.php,180,4,2,2
question/type/match/question.php,185,4,2,2
/restoreqtyperandomplugin.class.php,231,6,4,2
rss/file.php,137,2,1,1
theme/boost/classes/output/corerenderer.php,129,2,2,0
theme/boost/config.php,194,2,1,1
/behat/behatthemeboostbehatblocks.php,455,2,1,1
user/calendar.php,166,2,1,1
user/classes/search/user.php,194,24,12,12
user/course.php,160,4,2,2
user/files.php,160,4,2,2
user/selector/lib.php,378,39,36,3
user/tests/searchtest.php,345,2,1,1
webservice/tests/externallibtest.php,320,2,1,1
calendar/tests/externallibtest.php,356,35,24,11
./classes/privacy/provider.php,183,4,2,2
admin/registration/index.php,89,11,9,2
admin/registration/renderer.php,544,5,3,2
./classes/defineroletableadvanced.php,57,2,1,1
admin/roles/classes/privacy/provider.php,567,2,2,0
admin/roles/tests/privacytest.php,341,18,13,5
admin/settings/privacy.php,126,34,17,17
admin/settings/top.php,544,12,6,6
admin/tool/analytics/version.php,580,26,13,13
admin/tool/assignmentupgrade/version.php,258,2,1,1
admin/tool/availabilityconditions/version.php,649,6,3,3
admin/tool/capability/version.php,528,12,6,6
./cohortroles/classes/privacy/provider.php,967,4,2,2
./cohortroles/lang/en/toolcohortroles.php,693,18,11,7
admin/tool/cohortroles/tests/privacytest.php,144,4,4,0
admin/tool/cohortroles/version.php,118,1,1,0
admin/tool/customlang/version.php,943,6,1,5
admin/tool/dataprivacy/classes/api.php,1393,37,19,18
./classes/expiredusercontexts.php,543,3,1,2
admin/tool/dataprivacy/classes/external.php,581,4,2,2
./classes/form/contextinstance.php,70,2,1,1
./tool/dataprivacy/classes/form/defaults.php,258,4,2,2
admin/tool/dataprivacy/classes/local/helper.php,239,2,1,1
./dataprivacy/classes/metadataregistry.php,2187,34,11,23
./classes/output/dataregistrypage.php,38,2,1,1
./classes/output/datarequestspage.php,234,4,2,2
./classes/output/mydatarequestspage.php,119,2,1,1
./dataprivacy/classes/output/renderer.php,592,32,16,16
./classes/task/initiatedatarequesttask.php,262,2,1,1
./classes/task/processdatarequesttask.php,650,14,7,7
admin/tool/dataprivacy/createdatarequest.php,567,4,2,2
./tool/dataprivacy/createdatarequestform.php,521,18,5,13
./dataprivacy/lang/en/tooldataprivacy.php,967,18,9,9
admin/tool/dataprivacy/settings.php,99,4,2,2
admin/tool/dataprivacy/tests/apitest.php,478,2,1,1
./dataprivacy/tests/expiredcontextstest.php,849,4,2,2
./tests/metadataregistrytest.php,951,15,15,0
admin/tool/dataprivacy/version.php,157,22,20,2
admin/tool/dbtransfer/version.php,219,2,1,1
admin/tool/filetypes/version.php,4,2,1,1
admin/tool/health/version.php,4,2,1,1
admin/tool/httpsreplace/version.php,5,2,1,1
admin/tool/innodb/version.php,5,2,1,1
admin/tool/installaddon/version.php,1396,2,1,1
admin/tool/langimport/version.php,2191,4,2,2